//! \file elastic.mfp Elastic MFPath calculated by Z.Chaoui using ELSPA code of salvat &al 2004.
  101            nombre d' energies 
        1.000000000000000E-001        1.140296025770470
   2.000000000000000E-001   6.854890936013043E-001
   3.000000000000000E-001   5.196570625472369E-001
   4.000000000000000E-001   4.388390810569752E-001
   5.000000000000000E-001   3.932188484612096E-001
   6.000000000000000E-001   3.652742170184030E-001
   7.000000000000000E-001   3.473835439304799E-001
   8.000000000000000E-001   3.357322499379894E-001
   9.000000000000000E-001   3.282105599705942E-001
        1.000000000000000   3.235608224900042E-001
        1.100000000000000   3.209882794987222E-001
        1.200000000000000   3.199665863098868E-001
        1.300000000000000   3.201334388778115E-001
        1.400000000000000   3.212312149270876E-001
        1.500000000000000   3.230715548172918E-001
        1.600000000000000   3.255133556760606E-001
        1.700000000000000   3.284486198753945E-001
        1.800000000000000   3.317930800939112E-001
        1.900000000000000   3.354798261632699E-001
        2.000000000000000   3.394548733680643E-001
        2.100000000000000   3.436740187083221E-001
        2.200000000000000   3.481005711230752E-001
        2.300000000000000   3.527036868661519E-001
        2.400000000000000   3.574571315986855E-001
        2.500000000000000   3.623383483610000E-001
        2.600000000000000   3.673277480905406E-001
        2.700000000000000   3.724081642514253E-001
        2.800000000000000   3.775644299679729E-001
        2.900000000000000   3.827830476128873E-001
        3.000000000000000   3.880519288603437E-001
        3.100000000000000   3.933601889131815E-001
        3.200000000000000   3.986979826956666E-001
        3.300000000000000   4.040563737638611E-001
        3.400000000000000   4.094272288571906E-001
        3.500000000000000   4.148031326260181E-001
        3.600000000000000   4.201773182776462E-001
        3.700000000000000   4.255436107982766E-001
        3.800000000000000   4.308963801085445E-001
        3.900000000000000   4.362305020516255E-001
        4.000000000000000   4.415413255352070E-001
        4.200000000000000   4.520766735064895E-001
        4.400000000000000   4.624736971010114E-001
        4.600000000000000   4.727097612665072E-001
        4.800000000000000   4.827677690588504E-001
        5.000000000000000   4.926356643361431E-001
        5.300000000000000   5.070658030830469E-001
        5.500000000000000   5.164345148360376E-001
        5.800000000000000   5.301151892742957E-001
        6.000000000000000   5.389954101950080E-001
        6.300000000000000   5.519764453450881E-001
        6.600000000000000   5.645829014732545E-001
        7.000000000000000   5.808825796608916E-001
        7.500000000000000   6.005944959975847E-001
        8.000000000000000   6.197737279183812E-001
        8.500000000000000   6.386254891206835E-001
        9.000000000000000   6.573301077044631E-001
        9.500000000000000   6.760375335849082E-001
          10   6.948664286379190E-001
          13   8.138062068507369E-001
          15   8.996975438977304E-001
          20        1.129062852203063
          25        1.362533067170729
          30        1.587202930318727
          35        1.797748542877205
          40        1.992944093309655
          45        2.173446896276627
          50        2.340645261071025
          55        2.496112348466377
          60        2.641367258344332
          65        2.777782779033601
          70        2.906560301610029
          75        3.028734014455993
          80        3.145186663069917
          85        3.256668729238264
          90        3.363817404840003
          95        3.467173873274012
         100        3.567198416942638
         110        3.758763818078442
         120        3.941020127036123
         130        4.115818070435995
         140        4.284541649431668
         150        4.448239429713065
         160        4.607716193154456
         170        4.763597474156158
         180        4.916375470666570
         190        5.066442062987822
         200        5.214112823869185
         220        5.503248966350573
         240        5.785349328722096
         260        6.061513144158134
         280        6.332541391348713
         300        6.599037864031604
         320        6.861471969028799
         340        7.120218893097372
         360        7.375585984996607
         380        7.627830512515164
         400        7.877171889232866
         420        8.123800274854231
         440        8.367882747899737
         460        8.609567821726776
         480        8.848988809461673
         500        9.086266375526519
         530        9.438401862641156
         570        9.901367085670250
         600       10.244056551424680
         630       10.583146410922230
         660       10.918867847501830
         700       11.361616748220930
         730       11.690263217852640
         760       12.016172956155610
         800       12.446730829293040
         830       12.766842437085430
         860       13.084693431891690
         900       13.505184836247300
         930       13.818213887392410
         960       14.129350888173920
        1000       14.541419186813290
        1300       17.548259503607670
        1600       20.446124917067790
        2000       24.199318469423410
        2500       28.774666157824180
        3000       33.264861035891900
        3500       37.695952424011300
        4000       42.083006606794170
        4500       46.435326714698270
        5000       50.758960794651180
        6000       59.335349475330800
        7000       67.832692877367780
        8000       76.262124053719290
        9000       84.630253448768490
       10000       92.941300619688510
       11000      101.198129228339400
       12000      109.402787808561500
       13000      117.556811905187800
       14000      125.661401631474100
       15000      133.717528803600500
       16000      141.726009376379400
       17000      149.687544211579900
       18000      157.602749450349200
       19000      165.472183652628800
       20000      173.296352835835000
       22000      188.810770990269700
       25000      211.753901370684500
       27000      226.834836663276200
       30000      249.141653760189800
       35000      285.502831316879900
       40000      320.876556446011900
       45000      355.299261819438000
       50000      388.805317747497700
       60000      453.196384650643900
       70000      514.292777826864300
       80000      572.316227254672800
       90000      627.469795452047300
      100000      679.939892017938200
      110000      729.897956721059200
      120000      777.501913268815100
      130000      822.897446452287900
      140000      866.219130514583900
      150000      907.591436567484200
      160000      947.129631708679200
      170000      984.940585163551200
      180000     1021.123492881357000
      190000     1055.770529472468000
      200000     1088.967436542155000
      210000     1120.794054137929000
      220000     1151.324801175563000
      230000     1180.629111667387000
      240000     1208.771829893015000
      250000     1235.813569571785000
      260000     1261.811040790341000
      280000     1310.882261038358000
      300000     1356.371782190979000
      320000     1398.619993857119000
      340000     1437.927776575489000
      360000     1474.561880736583000
      380000     1508.759471129709000
      400000     1540.732127432434000
