0	0.000	7.4	0.0	90.0	0.000	0.000	0.000	7.398	7.398	0.000	0.000	0.000
1	0.000	7.4	90.0	180.0	0.000	0.000	7.398	0.000	0.000	-7.398	0.000	0.000
2	0.000	7.4	180.0	270.0	0.000	0.000	0.000	-7.398	-7.398	0.000	0.000	0.000
3	0.000	7.4	270.0	360.0	0.000	0.000	-7.398	0.000	0.000	7.398	0.000	0.000
4	7.398	14.8	-15.0	15.0	-1.915	7.146	-3.829	14.292	3.829	14.292	1.915	7.146
5	7.398	14.8	15.0	45.0	1.915	7.146	3.829	14.292	10.462	10.462	5.231	5.231
6	7.398	14.8	45.0	75.0	5.231	5.231	10.462	10.462	14.292	3.829	7.146	1.915
7	7.398	14.8	75.0	105.0	7.146	1.915	14.292	3.829	14.292	-3.829	7.146	-1.915
8	7.398	14.8	105.0	135.0	7.146	-1.915	14.292	-3.829	10.462	-10.462	5.231	-5.231
9	7.398	14.8	135.0	165.0	5.231	-5.231	10.462	-10.462	3.829	-14.292	1.915	-7.146
10	7.398	14.8	165.0	195.0	1.915	-7.146	3.829	-14.292	-3.829	-14.292	-1.915	-7.146
11	7.398	14.8	195.0	225.0	-1.915	-7.146	-3.829	-14.292	-10.462	-10.462	-5.231	-5.231
12	7.398	14.8	225.0	255.0	-5.231	-5.231	-10.462	-10.462	-14.292	-3.829	-7.146	-1.915
13	7.398	14.8	255.0	285.0	-7.146	-1.915	-14.292	-3.829	-14.292	3.829	-7.146	1.915
14	7.398	14.8	285.0	315.0	-7.146	1.915	-14.292	3.829	-10.462	10.462	-5.231	5.231
15	7.398	14.8	315.0	345.0	-5.231	5.231	-10.462	10.462	-3.829	14.292	-1.915	7.146
16	14.796	19.57	360.0	30.0	0.000	14.796	0.000	19.573	9.787	16.951	7.398	12.814
17	14.796	19.57	30.0	60.0	7.398	12.814	9.787	16.951	16.951	9.787	12.814	7.398
18	14.796	19.57	60.0	90.0	12.814	7.398	16.951	9.787	19.573	0.000	14.796	0.000
19	14.796	19.57	90.0	120.0	14.796	0.000	19.573	0.000	16.951	-9.787	12.814	-7.398
20	14.796	19.57	120.0	150.0	12.814	-7.398	16.951	-9.787	9.787	-16.951	7.398	-12.814
21	14.796	19.57	150.0	180.0	7.398	-12.814	9.787	-16.951	0.000	-19.573	0.000	-14.796
22	14.796	19.57	180.0	210.0	0.000	-14.796	0.000	-19.573	-9.787	-16.951	-7.398	-12.814
23	14.796	19.57	210.0	240.0	-7.398	-12.814	-9.787	-16.951	-16.951	-9.787	-12.814	-7.398
24	14.796	19.57	240.0	270.0	-12.814	-7.398	-16.951	-9.787	-19.573	0.000	-14.796	0.000
25	14.796	19.57	270.0	300.0	-14.796	0.000	-19.573	0.000	-16.951	9.787	-12.814	7.398
26	14.796	19.57	300.0	330.0	-12.814	7.398	-16.951	9.787	-9.787	16.951	-7.398	12.814
27	14.796	19.57	330.0	360.0	-7.398	12.814	-9.787	16.951	0.000	19.573	0.000	14.796
28	19.573	23.39	345.0	15.0	-5.066	18.906	-6.055	22.597	6.055	22.597	5.066	18.906
29	19.573	23.39	15.0	45.0	5.066	18.906	6.055	22.597	16.542	16.542	13.840	13.840
30	19.573	23.39	45.0	75.0	13.840	13.840	16.542	16.542	22.597	6.055	18.906	5.066
31	19.573	23.39	75.0	105.0	18.906	5.066	22.597	6.055	22.597	-6.055	18.906	-5.066
32	19.573	23.39	105.0	135.0	18.906	-5.066	22.597	-6.055	16.542	-16.542	13.840	-13.840
33	19.573	23.39	135.0	165.0	13.840	-13.840	16.542	-16.542	6.055	-22.597	5.066	-18.906
34	19.573	23.39	165.0	195.0	5.066	-18.906	6.055	-22.597	-6.055	-22.597	-5.066	-18.906
35	19.573	23.39	195.0	225.0	-5.066	-18.906	-6.055	-22.597	-16.542	-16.542	-13.840	-13.840
36	19.573	23.39	225.0	255.0	-13.840	-13.840	-16.542	-16.542	-22.597	-6.055	-18.906	-5.066
37	19.573	23.39	255.0	285.0	-18.906	-5.066	-22.597	-6.055	-22.597	6.055	-18.906	5.066
38	19.573	23.39	285.0	315.0	-18.906	5.066	-22.597	6.055	-16.542	16.542	-13.840	13.840
39	19.573	23.39	315.0	345.0	-13.840	13.840	-16.542	16.542	-6.055	22.597	-5.066	18.906
40	23.394	26.67	360.0	30.0	0.000	23.394	0.000	26.674	13.337	23.100	11.697	20.260
41	23.394	26.67	30.0	60.0	11.697	20.260	13.337	23.100	23.100	13.337	20.260	11.697
42	23.394	26.67	60.0	90.0	20.260	11.697	23.100	13.337	26.674	0.000	23.394	0.000
43	23.394	26.67	90.0	120.0	23.394	0.000	26.674	0.000	23.100	-13.337	20.260	-11.697
44	23.394	26.67	120.0	150.0	20.260	-11.697	23.100	-13.337	13.337	-23.100	11.697	-20.260
45	23.394	26.67	150.0	180.0	11.697	-20.260	13.337	-23.100	0.000	-26.674	0.000	-23.394
46	23.394	26.67	180.0	210.0	0.000	-23.394	0.000	-26.674	-13.337	-23.100	-11.697	-20.260
47	23.394	26.67	210.0	240.0	-11.697	-20.260	-13.337	-23.100	-23.100	-13.337	-20.260	-11.697
48	23.394	26.67	240.0	270.0	-20.260	-11.697	-23.100	-13.337	-26.674	0.000	-23.394	0.000
49	23.394	26.67	270.0	300.0	-23.394	0.000	-26.674	0.000	-23.100	13.337	-20.260	11.697
50	23.394	26.67	300.0	330.0	-20.260	11.697	-23.100	13.337	-13.337	23.100	-11.697	20.260
51	23.394	26.67	330.0	360.0	-11.697	20.260	-13.337	23.100	0.000	26.674	0.000	23.394
52	26.674	29.59	345.0	15.0	-6.904	25.765	-7.659	28.584	7.659	28.584	6.904	25.765
53	26.674	29.59	15.0	45.0	6.904	25.765	7.659	28.584	20.925	20.925	18.861	18.861
54	26.674	29.59	45.0	75.0	18.861	18.861	20.925	20.925	28.584	7.659	25.765	6.904
55	26.674	29.59	75.0	105.0	25.765	6.904	28.584	7.659	28.584	-7.659	25.765	-6.904
56	26.674	29.59	105.0	135.0	25.765	-6.904	28.584	-7.659	20.925	-20.925	18.861	-18.861
57	26.674	29.59	135.0	165.0	18.861	-18.861	20.925	-20.925	7.659	-28.584	6.904	-25.765
58	26.674	29.59	165.0	195.0	6.904	-25.765	7.659	-28.584	-7.659	-28.584	-6.904	-25.765
59	26.674	29.59	195.0	225.0	-6.904	-25.765	-7.659	-28.584	-20.925	-20.925	-18.861	-18.861
60	26.674	29.59	225.0	255.0	-18.861	-18.861	-20.925	-20.925	-28.584	-7.659	-25.765	-6.904
61	26.674	29.59	255.0	285.0	-25.765	-6.904	-28.584	-7.659	-28.584	7.659	-25.765	6.904
62	26.674	29.59	285.0	315.0	-25.765	6.904	-28.584	7.659	-20.925	20.925	-18.861	18.861
63	26.674	29.59	315.0	345.0	-18.861	18.861	-20.925	20.925	-7.659	28.584	-6.904	25.765
64	29.592	32.25	360.0	30.0	0.000	29.592	0.000	32.247	16.123	27.927	14.796	25.627
65	29.592	32.25	30.0	60.0	14.796	25.627	16.123	27.927	27.927	16.123	25.627	14.796
66	29.592	32.25	60.0	90.0	25.627	14.796	27.927	16.123	32.247	0.000	29.592	0.000
67	29.592	32.25	90.0	120.0	29.592	0.000	32.247	0.000	27.927	-16.123	25.627	-14.796
68	29.592	32.25	120.0	150.0	25.627	-14.796	27.927	-16.123	16.123	-27.927	14.796	-25.627
69	29.592	32.25	150.0	180.0	14.796	-25.627	16.123	-27.927	0.000	-32.247	0.000	-29.592
70	29.592	32.25	180.0	210.0	0.000	-29.592	0.000	-32.247	-16.123	-27.927	-14.796	-25.627
71	29.592	32.25	210.0	240.0	-14.796	-25.627	-16.123	-27.927	-27.927	-16.123	-25.627	-14.796
72	29.592	32.25	240.0	270.0	-25.627	-14.796	-27.927	-16.123	-32.247	0.000	-29.592	0.000
73	29.592	32.25	270.0	300.0	-29.592	0.000	-32.247	0.000	-27.927	16.123	-25.627	14.796
74	29.592	32.25	300.0	330.0	-25.627	14.796	-27.927	16.123	-16.123	27.927	-14.796	25.627
75	29.592	32.25	330.0	360.0	-14.796	25.627	-16.123	27.927	0.000	32.247	0.000	29.592
76	32.247	34.7	345.0	15.0	-8.346	31.148	-8.981	33.517	8.981	33.517	8.346	31.148
77	32.247	34.7	15.0	45.0	8.346	31.148	8.981	33.517	24.536	24.536	22.802	22.802
78	32.247	34.7	45.0	75.0	22.802	22.802	24.536	24.536	33.517	8.981	31.148	8.346
79	32.247	34.7	75.0	105.0	31.148	8.346	33.517	8.981	33.517	-8.981	31.148	-8.346
80	32.247	34.7	105.0	135.0	31.148	-8.346	33.517	-8.981	24.536	-24.536	22.802	-22.802
81	32.247	34.7	135.0	165.0	22.802	-22.802	24.536	-24.536	8.981	-33.517	8.346	-31.148
82	32.247	34.7	165.0	195.0	8.346	-31.148	8.981	-33.517	-8.981	-33.517	-8.346	-31.148
83	32.247	34.7	195.0	225.0	-8.346	-31.148	-8.981	-33.517	-24.536	-24.536	-22.802	-22.802
84	32.247	34.7	225.0	255.0	-22.802	-22.802	-24.536	-24.536	-33.517	-8.981	-31.148	-8.346
85	32.247	34.7	255.0	285.0	-31.148	-8.346	-33.517	-8.981	-33.517	8.981	-31.148	8.346
86	32.247	34.7	285.0	315.0	-31.148	8.346	-33.517	8.981	-24.536	24.536	-22.802	22.802
87	32.247	34.7	315.0	345.0	-22.802	22.802	-24.536	24.536	-8.981	33.517	-8.346	31.148
88	34.699	36.99	360.0	30.0	0.000	34.699	0.000	36.990	18.495	32.034	17.350	30.051
89	34.699	36.99	30.0	60.0	17.350	30.051	18.495	32.034	32.034	18.495	30.051	17.350
90	34.699	36.99	60.0	90.0	30.051	17.350	32.034	18.495	36.990	0.000	34.699	0.000
91	34.699	36.99	90.0	120.0	34.699	0.000	36.990	0.000	32.034	-18.495	30.051	-17.350
92	34.699	36.99	120.0	150.0	30.051	-17.350	32.034	-18.495	18.495	-32.034	17.350	-30.051
93	34.699	36.99	150.0	180.0	17.350	-30.051	18.495	-32.034	0.000	-36.990	0.000	-34.699
94	34.699	36.99	180.0	210.0	0.000	-34.699	0.000	-36.990	-18.495	-32.034	-17.350	-30.051
95	34.699	36.99	210.0	240.0	-17.350	-30.051	-18.495	-32.034	-32.034	-18.495	-30.051	-17.350
96	34.699	36.99	240.0	270.0	-30.051	-17.350	-32.034	-18.495	-36.990	0.000	-34.699	0.000
97	34.699	36.99	270.0	300.0	-34.699	0.000	-36.990	0.000	-32.034	18.495	-30.051	17.350
98	34.699	36.99	300.0	330.0	-30.051	17.350	-32.034	18.495	-18.495	32.034	-17.350	30.051
99	34.699	36.99	330.0	360.0	-17.350	30.051	-18.495	32.034	0.000	36.990	0.000	34.699
100	36.990	39.15	345.0	15.0	-9.574	35.729	-10.132	37.812	10.132	37.812	9.574	35.729
101	36.990	39.15	15.0	45.0	9.574	35.729	10.132	37.812	27.681	27.681	26.156	26.156
102	36.990	39.15	45.0	75.0	26.156	26.156	27.681	27.681	37.812	10.132	35.729	9.574
103	36.990	39.15	75.0	105.0	35.729	9.574	37.812	10.132	37.812	-10.132	35.729	-9.574
104	36.990	39.15	105.0	135.0	35.729	-9.574	37.812	-10.132	27.681	-27.681	26.156	-26.156
105	36.990	39.15	135.0	165.0	26.156	-26.156	27.681	-27.681	10.132	-37.812	9.574	-35.729
106	36.990	39.15	165.0	195.0	9.574	-35.729	10.132	-37.812	-10.132	-37.812	-9.574	-35.729
107	36.990	39.15	195.0	225.0	-9.574	-35.729	-10.132	-37.812	-27.681	-27.681	-26.156	-26.156
108	36.990	39.15	225.0	255.0	-26.156	-26.156	-27.681	-27.681	-37.812	-10.132	-35.729	-9.574
109	36.990	39.15	255.0	285.0	-35.729	-9.574	-37.812	-10.132	-37.812	10.132	-35.729	9.574
110	36.990	39.15	285.0	315.0	-35.729	9.574	-37.812	10.132	-27.681	27.681	-26.156	26.156
111	36.990	39.15	315.0	345.0	-26.156	26.156	-27.681	27.681	-10.132	37.812	-9.574	35.729
112	39.146	41.19	360.0	30.0	0.000	39.146	0.000	41.190	20.595	35.672	19.573	33.902
113	39.146	41.19	30.0	60.0	19.573	33.902	20.595	35.672	35.672	20.595	33.902	19.573
114	39.146	41.19	60.0	90.0	33.902	19.573	35.672	20.595	41.190	0.000	39.146	0.000
115	39.146	41.19	90.0	120.0	39.146	0.000	41.190	0.000	35.672	-20.595	33.902	-19.573
116	39.146	41.19	120.0	150.0	33.902	-19.573	35.672	-20.595	20.595	-35.672	19.573	-33.902
117	39.146	41.19	150.0	180.0	19.573	-33.902	20.595	-35.672	0.000	-41.190	0.000	-39.146
118	39.146	41.19	180.0	210.0	0.000	-39.146	0.000	-41.190	-20.595	-35.672	-19.573	-33.902
119	39.146	41.19	210.0	240.0	-19.573	-33.902	-20.595	-35.672	-35.672	-20.595	-33.902	-19.573
120	39.146	41.19	240.0	270.0	-33.902	-19.573	-35.672	-20.595	-41.190	0.000	-39.146	0.000
121	39.146	41.19	270.0	300.0	-39.146	0.000	-41.190	0.000	-35.672	20.595	-33.902	19.573
122	39.146	41.19	300.0	330.0	-33.902	19.573	-35.672	20.595	-20.595	35.672	-19.573	33.902
123	39.146	41.19	330.0	360.0	-19.573	33.902	-20.595	35.672	0.000	41.190	0.000	39.146
124	41.190	43.14	345.0	15.0	-10.661	39.787	-11.165	41.667	11.165	41.667	10.661	39.787
125	41.190	43.14	15.0	45.0	10.661	39.787	11.165	41.667	30.503	30.503	29.126	29.126
126	41.190	43.14	45.0	75.0	29.126	29.126	30.503	30.503	41.667	11.165	39.787	10.661
127	41.190	43.14	75.0	105.0	39.787	10.661	41.667	11.165	41.667	-11.165	39.787	-10.661
128	41.190	43.14	105.0	135.0	39.787	-10.661	41.667	-11.165	30.503	-30.503	29.126	-29.126
129	41.190	43.14	135.0	165.0	29.126	-29.126	30.503	-30.503	11.165	-41.667	10.661	-39.787
130	41.190	43.14	165.0	195.0	10.661	-39.787	11.165	-41.667	-11.165	-41.667	-10.661	-39.787
131	41.190	43.14	195.0	225.0	-10.661	-39.787	-11.165	-41.667	-30.503	-30.503	-29.126	-29.126
132	41.190	43.14	225.0	255.0	-29.126	-29.126	-30.503	-30.503	-41.667	-11.165	-39.787	-10.661
133	41.190	43.14	255.0	285.0	-39.787	-10.661	-41.667	-11.165	-41.667	11.165	-39.787	10.661
134	41.190	43.14	285.0	315.0	-39.787	10.661	-41.667	11.165	-30.503	30.503	-29.126	29.126
135	41.190	43.14	315.0	345.0	-29.126	29.126	-30.503	30.503	-11.165	41.667	-10.661	39.787
136	43.137	45	360.0	30.0	0.000	43.137	0.000	45.000	22.500	38.971	21.569	37.358
137	43.137	45	30.0	60.0	21.569	37.358	22.500	38.971	38.971	22.500	37.358	21.569
138	43.137	45	60.0	90.0	37.358	21.569	38.971	22.500	45.000	0.000	43.137	0.000
139	43.137	45	90.0	120.0	43.137	0.000	45.000	0.000	38.971	-22.500	37.358	-21.569
140	43.137	45	120.0	150.0	37.358	-21.569	38.971	-22.500	22.500	-38.971	21.569	-37.358
141	43.137	45	150.0	180.0	21.569	-37.358	22.500	-38.971	0.000	-45.000	0.000	-43.137
142	43.137	45	180.0	210.0	0.000	-43.137	0.000	-45.000	-22.500	-38.971	-21.569	-37.358
143	43.137	45	210.0	240.0	-21.569	-37.358	-22.500	-38.971	-38.971	-22.500	-37.358	-21.569
144	43.137	45	240.0	270.0	-37.358	-21.569	-38.971	-22.500	-45.000	0.000	-43.137	0.000
145	43.137	45	270.0	300.0	-43.137	0.000	-45.000	0.000	-38.971	22.500	-37.358	21.569
146	43.137	45	300.0	330.0	-37.358	21.569	-38.971	22.500	-22.500	38.971	-21.569	37.358
147	43.137	45	330.0	360.0	-21.569	37.358	-22.500	38.971	0.000	45.000	0.000	43.137

