    500
   .1000000E+01   .2688013E+03   .1000000E+11
   .1200798E+01   .1941953E+03   .1000000E+11
   .1803194E+01   .1104680E+03   .1000000E+11
   .2807186E+01   .6419779E+02   .1000000E+11
   .4212774E+01   .3956174E+02   .1000000E+11
   .6019960E+01   .2653442E+02   .1000000E+11
   .8228742E+01   .1895561E+02   .1000000E+11
   .1083912E+02   .1430263E+02   .1000000E+11
   .1385110E+02   .1122456E+02   .6073726E+03
   .1726467E+02   .9199309E+01   .6952969E+02
   .2107984E+02   .7850300E+01   .2778850E+02
   .2529661E+02   .6848108E+01   .1583101E+02
   .2991497E+02   .6006724E+01   .1035613E+02
   .3493493E+02   .5110496E+01   .7050880E+01
   .4035648E+02   .4213299E+01   .4948969E+01
   .4617964E+02   .3811521E+01   .4154149E+01
   .5240439E+02   .3721962E+01   .3920271E+01
   .5903073E+02   .3765983E+01   .3896411E+01
   .6605868E+02   .3877103E+01   .3969450E+01
   .7348822E+02   .4028107E+01   .4097099E+01
   .8131936E+02   .4206624E+01   .4260269E+01
   .8955209E+02   .4405625E+01   .4448820E+01
   .9818642E+02   .4621858E+01   .4657032E+01
   .1072223E+03   .4851969E+01   .4881314E+01
   .1166599E+03   .5094354E+01   .5119387E+01
   .1264990E+03   .5348230E+01   .5369429E+01
   .1367397E+03   .5611664E+01   .5630337E+01
   .1473820E+03   .5884912E+01   .5901204E+01
   .1584259E+03   .6166831E+01   .6181221E+01
   .1698714E+03   .6457084E+01   .6469944E+01
   .1817186E+03   .6755171E+01   .6766812E+01
   .1939673E+03   .7060565E+01   .7071384E+01
   .2066176E+03   .7373950E+01   .7383353E+01
   .2196694E+03   .7693673E+01   .7702476E+01
   .2331229E+03   .8020620E+01   .8028494E+01
   .2469780E+03   .8353892E+01   .8360991E+01
   .2612347E+03   .8692752E+01   .8699835E+01
   .2758930E+03   .9038527E+01   .9044872E+01
   .2909529E+03   .9389760E+01   .9395633E+01
   .3064144E+03   .9745086E+01   .9750644E+01
   .3222774E+03   .1010449E+02   .1011009E+02
   .3385421E+03   .1046919E+02   .1047365E+02
   .3552084E+03   .1083723E+02   .1084144E+02
   .3722762E+03   .1120960E+02   .1121376E+02
   .3897457E+03   .1158752E+02   .1159110E+02
   .4076167E+03   .1196979E+02   .1197333E+02
   .4258894E+03   .1235726E+02   .1236033E+02
   .4445636E+03   .1274917E+02   .1275229E+02
   .4636395E+03   .1314646E+02   .1314919E+02
   .4831169E+03   .1354813E+02   .1355120E+02
   .5029960E+03   .1395607E+02   .1395865E+02
   .5232766E+03   .1436930E+02   .1437160E+02
   .5439588E+03   .1478806E+02   .1479015E+02
   .5650427E+03   .1521087E+02   .1521442E+02
   .5865281E+03   .1564177E+02   .1564413E+02
   .6084151E+03   .1607699E+02   .1607909E+02
   .6307038E+03   .1651743E+02   .1651937E+02
   .6533940E+03   .1696296E+02   .1696485E+02
   .6764858E+03   .1741386E+02   .1741567E+02
   .6999792E+03   .1787016E+02   .1787190E+02
   .7238742E+03   .1833175E+02   .1833360E+02
   .7481708E+03   .1879660E+02   .1880094E+02
   .7728690E+03   .1927288E+02   .1927401E+02
   .7979688E+03   .1975167E+02   .1975282E+02
   .8234702E+03   .2023623E+02   .2023743E+02
   .8493732E+03   .2072643E+02   .2072776E+02
   .8756778E+03   .2122288E+02   .2122374E+02
   .9023840E+03   .2172431E+02   .2172524E+02
   .9294918E+03   .2223117E+02   .2223220E+02
   .9570011E+03   .2274257E+02   .2274444E+02
   .9849121E+03   .2326121E+02   .2326200E+02
   .1013225E+04   .2378338E+02   .2378432E+02
   .1041939E+04   .2431095E+02   .2431159E+02
   .1071055E+04   .2484267E+02   .2484344E+02
   .1100572E+04   .2530642E+02   .2536475E+02
   .1130491E+04   .2592091E+02   .2592159E+02
   .1160812E+04   .2646638E+02   .2646783E+02
   .1191534E+04   .2701902E+02   .2701963E+02
   .1222657E+04   .2757603E+02   .2757648E+02
   .1254183E+04   .2813765E+02   .2813825E+02
   .1286110E+04   .2870539E+02   .2870582E+02
   .1318438E+04   .2927792E+02   .2927857E+02
   .1351168E+04   .2985681E+02   .2985724E+02
   .1384300E+04   .3043985E+02   .3044094E+02
   .1417833E+04   .3103054E+02   .3103102E+02
   .1451768E+04   .3162598E+02   .3162635E+02
   .1486105E+04   .3222606E+02   .3222685E+02
   .1520843E+04   .3283330E+02   .3283373E+02
   .1555983E+04   .3344576E+02   .3344608E+02
   .1591524E+04   .3406374E+02   .3406401E+02
   .1627467E+04   .3468639E+02   .3468683E+02
   .1663811E+04   .3531513E+02   .3531546E+02
   .1700558E+04   .3594922E+02   .3594948E+02
   .1737705E+04   .3658850E+02   .3658873E+02
   .1775255E+04   .3723191E+02   .3723232E+02
   .1813205E+04   .3788079E+02   .3788111E+02
   .1851558E+04   .3853460E+02   .3853485E+02
   .1890312E+04   .3919300E+02   .3919322E+02
   .1929468E+04   .3985509E+02   .3985528E+02
   .1969025E+04   .4052034E+02   .4052084E+02
   .2008984E+04   .4119145E+02   .4119177E+02
   .2049344E+04   .4186598E+02   .4186623E+02
   .2090106E+04   .4254371E+02   .4254393E+02
   .2131270E+04   .4322581E+02   .4322600E+02
   .2172835E+04   .4391200E+02   .4391217E+02
   .2214802E+04   .4460141E+02   .4460156E+02
   .2257171E+04   .4529535E+02   .4529549E+02
   .2299941E+04   .4599390E+02   .4599403E+02
   .2343112E+04   .4669317E+02   .4669413E+02
   .2386686E+04   .4740157E+02   .4740214E+02
   .2430661E+04   .4811450E+02   .4811485E+02
   .2475037E+04   .4883102E+02   .4883132E+02
   .2519815E+04   .4955257E+02   .4955285E+02
   .2564995E+04   .5027925E+02   .5027949E+02
   .2610576E+04   .5101034E+02   .5101059E+02
   .2656559E+04   .5174680E+02   .5174704E+02
   .2702943E+04   .5248834E+02   .5248858E+02
   .2749729E+04   .5323452E+02   .5323481E+02
   .2796917E+04   .5398654E+02   .5398681E+02
   .2844506E+04   .5474295E+02   .5474335E+02
   .2892497E+04   .5550716E+02   .5550724E+02
   .2940889E+04   .5627497E+02   .5627505E+02
   .2989683E+04   .5704807E+02   .5704815E+02
   .3038879E+04   .5782659E+02   .5782667E+02
   .3088476E+04   .5861046E+02   .5861054E+02
   .3138475E+04   .5939965E+02   .5939974E+02
   .3188875E+04   .6019421E+02   .6019430E+02
   .3239677E+04   .6099411E+02   .6099421E+02
   .3290881E+04   .6179937E+02   .6179948E+02
   .3342486E+04   .6260979E+02   .6260992E+02
   .3394493E+04   .6342541E+02   .6342558E+02
   .3446901E+04   .6424756E+02   .6424761E+02
   .3499711E+04   .6507398E+02   .6507404E+02
   .3552923E+04   .6590580E+02   .6590586E+02
   .3606536E+04   .6674266E+02   .6674273E+02
   .3660551E+04   .6758480E+02   .6758488E+02
   .3714967E+04   .6843207E+02   .6843216E+02
   .3769785E+04   .6928378E+02   .6928398E+02
   .3825005E+04   .7014290E+02   .7014295E+02
   .3880626E+04   .7100554E+02   .7100560E+02
   .3936648E+04   .7187348E+02   .7187354E+02
   .3993073E+04   .7274597E+02   .7274604E+02
   .4049899E+04   .7362363E+02   .7362374E+02
   .4107126E+04   .7450702E+02   .7450706E+02
   .4164755E+04   .7539457E+02   .7539461E+02
   .4222786E+04   .7628690E+02   .7628696E+02
   .4281218E+04   .7718394E+02   .7718401E+02
   .4340052E+04   .7808525E+02   .7808538E+02
   .4399288E+04   .7899269E+02   .7899273E+02
   .4458925E+04   .7990403E+02   .7990407E+02
   .4518964E+04   .8081900E+02   .8081905E+02
   .4579404E+04   .8173877E+02   .8173886E+02
   .4640246E+04   .8266337E+02   .8266341E+02
   .4701490E+04   .8359174E+02   .8359177E+02
   .4763135E+04   .8452356E+02   .8452360E+02
   .4825181E+04   .8545921E+02   .8545930E+02
   .4887630E+04   .8639983E+02   .8639986E+02
   .4950480E+04   .8734310E+02   .8734313E+02
   .5013731E+04   .8828965E+02   .8828970E+02
   .5077384E+04   .8923646E+02   .8923670E+02
   .5141439E+04   .9019271E+02   .9019274E+02
   .5205895E+04   .9114771E+02   .9114775E+02
   .5270753E+04   .9210576E+02   .9210584E+02
   .5336012E+04   .9306608E+02   .9306611E+02
   .5401674E+04   .9402937E+02   .9402940E+02
   .5467736E+04   .9499206E+02   .9499211E+02
   .5534200E+04   .9595980E+02   .9595982E+02
   .5601066E+04   .9692591E+02   .9692594E+02
   .5668334E+04   .9789621E+02   .9789625E+02
   .5736003E+04   .9886526E+02   .9886528E+02
   .5804073E+04   .9983867E+02   .9983870E+02
   .5872546E+04   .1008103E+03   .1008103E+03
   .5941420E+04   .1017874E+03   .1017874E+03
   .6010695E+04   .1027628E+03   .1027628E+03
   .6080372E+04   .1037427E+03   .1037428E+03
   .6150451E+04   .1047231E+03   .1047231E+03
   .6220931E+04   .1057079E+03   .1057079E+03
   .6291813E+04   .1066927E+03   .1066928E+03
   .6363096E+04   .1076833E+03   .1076833E+03
   .6434781E+04   .1086742E+03   .1086742E+03
   .6506868E+04   .1096698E+03   .1096699E+03
   .6579356E+04   .1106681E+03   .1106681E+03
   .6652246E+04   .1116704E+03   .1116704E+03
   .6725537E+04   .1126723E+03   .1126725E+03
   .6799230E+04   .1136849E+03   .1136850E+03
   .6873325E+04   .1146967E+03   .1146967E+03
   .6947821E+04   .1157141E+03   .1157141E+03
   .7022719E+04   .1167338E+03   .1167338E+03
   .7098018E+04   .1177576E+03   .1177576E+03
   .7173719E+04   .1187866E+03   .1187866E+03
   .7249822E+04   .1198190E+03   .1198190E+03
   .7326326E+04   .1208560E+03   .1208561E+03
   .7403232E+04   .1218971E+03   .1218972E+03
   .7480539E+04   .1229420E+03   .1229420E+03
   .7558248E+04   .1239930E+03   .1239931E+03
   .7636359E+04   .1250473E+03   .1250473E+03
   .7714871E+04   .1261069E+03   .1261070E+03
   .7793785E+04   .1271705E+03   .1271705E+03
   .7873100E+04   .1282392E+03   .1282392E+03
   .7952817E+04   .1293121E+03   .1293121E+03
   .8032936E+04   .1303890E+03   .1303890E+03
   .8113456E+04   .1314722E+03   .1314722E+03
   .8194378E+04   .1325590E+03   .1325590E+03
   .8275701E+04   .1336511E+03   .1336511E+03
   .8357426E+04   .1347473E+03   .1347473E+03
   .8439552E+04   .1358488E+03   .1358488E+03
   .8522080E+04   .1369544E+03   .1369544E+03
   .8605010E+04   .1380639E+03   .1380640E+03
   .8688342E+04   .1391805E+03   .1391805E+03
   .8772074E+04   .1402999E+03   .1402999E+03
   .8856209E+04   .1414255E+03   .1414255E+03
   .8940745E+04   .1425547E+03   .1425547E+03
   .9025683E+04   .1436895E+03   .1436895E+03
   .9111022E+04   .1448283E+03   .1448283E+03
   .9196763E+04   .1459725E+03   .1459725E+03
   .9282906E+04   .1471208E+03   .1471209E+03
   .9369450E+04   .1482746E+03   .1482746E+03
   .9456395E+04   .1494325E+03   .1494325E+03
   .9543743E+04   .1505956E+03   .1505957E+03
   .9631492E+04   .1517630E+03   .1517630E+03
   .9719642E+04   .1529357E+03   .1529357E+03
   .9808194E+04   .1541126E+03   .1541126E+03
   .9897148E+04   .1552919E+03   .1552919E+03
   .9986503E+04   .1564811E+03   .1564811E+03
   .1007626E+05   .1576684E+03   .1576684E+03
   .1016642E+05   .1588685E+03   .1588685E+03
   .1025698E+05   .1600679E+03   .1600679E+03
   .1034794E+05   .1612750E+03   .1612750E+03
   .1043930E+05   .1624855E+03   .1624856E+03
   .1053107E+05   .1636983E+03   .1636983E+03
   .1062323E+05   .1649202E+03   .1649202E+03
   .1071580E+05   .1661451E+03   .1661451E+03
   .1080877E+05   .1673747E+03   .1673747E+03
   .1090214E+05   .1686021E+03   .1686022E+03
   .1099592E+05   .1698468E+03   .1698468E+03
   .1109009E+05   .1710909E+03   .1710909E+03
   .1118467E+05   .1723395E+03   .1723395E+03
   .1127964E+05   .1735929E+03   .1735929E+03
   .1137502E+05   .1748495E+03   .1748495E+03
   .1147080E+05   .1761127E+03   .1761127E+03
   .1156699E+05   .1773803E+03   .1773803E+03
   .1166357E+05   .1786527E+03   .1786527E+03
   .1176056E+05   .1799280E+03   .1799280E+03
   .1185794E+05   .1812104E+03   .1812104E+03
   .1195573E+05   .1824970E+03   .1824970E+03
   .1205392E+05   .1837883E+03   .1837884E+03
   .1215252E+05   .1850821E+03   .1850821E+03
   .1225151E+05   .1863839E+03   .1863839E+03
   .1235090E+05   .1876896E+03   .1876896E+03
   .1245070E+05   .1889999E+03   .1889999E+03
   .1255090E+05   .1903088E+03   .1903088E+03
   .1265150E+05   .1916333E+03   .1916333E+03
   .1275250E+05   .1929580E+03   .1929581E+03
   .1285390E+05   .1942873E+03   .1942873E+03
   .1295571E+05   .1956213E+03   .1956213E+03
   .1305792E+05   .1969580E+03   .1969580E+03
   .1316052E+05   .1983020E+03   .1983020E+03
   .1326353E+05   .1996503E+03   .1996503E+03
   .1336694E+05   .2010031E+03   .2010031E+03
   .1347076E+05   .2023560E+03   .2023560E+03
   .1357497E+05   .2037215E+03   .2037215E+03
   .1367959E+05   .2050888E+03   .2050888E+03
   .1378460E+05   .2064606E+03   .2064606E+03
   .1389002E+05   .2078370E+03   .2078370E+03
   .1399584E+05   .2092160E+03   .2092160E+03
   .1410207E+05   .2106027E+03   .2106028E+03
   .1420869E+05   .2119935E+03   .2119935E+03
   .1431572E+05   .2133888E+03   .2133888E+03
   .1442314E+05   .2147888E+03   .2147888E+03
   .1453097E+05   .2161918E+03   .2161918E+03
   .1463920E+05   .2176017E+03   .2176017E+03
   .1474783E+05   .2190159E+03   .2190159E+03
   .1485687E+05   .2204347E+03   .2204347E+03
   .1496630E+05   .2218532E+03   .2218532E+03
   .1507614E+05   .2232849E+03   .2232849E+03
   .1518638E+05   .2247181E+03   .2247181E+03
   .1529702E+05   .2261558E+03   .2261558E+03
   .1540806E+05   .2275982E+03   .2275982E+03
   .1551950E+05   .2290452E+03   .2290452E+03
   .1563135E+05   .2304968E+03   .2304968E+03
   .1574359E+05   .2319532E+03   .2319532E+03
   .1585624E+05   .2334143E+03   .2334143E+03
   .1596929E+05   .2348801E+03   .2348801E+03
   .1608274E+05   .2363505E+03   .2363505E+03
   .1619659E+05   .2378257E+03   .2378257E+03
   .1631085E+05   .2393056E+03   .2393056E+03
   .1642551E+05   .2407788E+03   .2407788E+03
   .1654056E+05   .2422739E+03   .2422739E+03
   .1665602E+05   .2437695E+03   .2437695E+03
   .1677188E+05   .2452690E+03   .2452690E+03
   .1688814E+05   .2467728E+03   .2467728E+03
   .1700481E+05   .2482813E+03   .2482813E+03
   .1712187E+05   .2497943E+03   .2497943E+03
   .1723934E+05   .2513120E+03   .2513120E+03
   .1735721E+05   .2528344E+03   .2528344E+03
   .1747548E+05   .2543614E+03   .2543614E+03
   .1759415E+05   .2558931E+03   .2558931E+03
   .1771323E+05   .2574296E+03   .2574296E+03
   .1783270E+05   .2589707E+03   .2589707E+03
   .1795258E+05   .2605165E+03   .2605165E+03
   .1807286E+05   .2620670E+03   .2620670E+03
   .1819353E+05   .2636222E+03   .2636222E+03
   .1831462E+05   .2651821E+03   .2651821E+03
   .1843610E+05   .2667466E+03   .2667466E+03
   .1855798E+05   .2683158E+03   .2683158E+03
   .1868027E+05   .2698897E+03   .2698897E+03
   .1880296E+05   .2714683E+03   .2714683E+03
   .1892605E+05   .2730516E+03   .2730516E+03
   .1904954E+05   .2746395E+03   .2746395E+03
   .1917343E+05   .2762321E+03   .2762321E+03
   .1929773E+05   .2778295E+03   .2778295E+03
   .1942242E+05   .2794314E+03   .2794314E+03
   .1954752E+05   .2810381E+03   .2810381E+03
   .1967302E+05   .2826494E+03   .2826494E+03
   .1979892E+05   .2842655E+03   .2842655E+03
   .1992522E+05   .2858861E+03   .2858861E+03
   .2005192E+05   .2875115E+03   .2875115E+03
   .2017903E+05   .2891414E+03   .2891414E+03
   .2030654E+05   .2907762E+03   .2907762E+03
   .2043445E+05   .2924154E+03   .2924154E+03
   .2056276E+05   .2940595E+03   .2940595E+03
   .2069147E+05   .2957081E+03   .2957081E+03
   .2082058E+05   .2973614E+03   .2973614E+03
   .2095010E+05   .2990194E+03   .2990194E+03
   .2108001E+05   .3006820E+03   .3006820E+03
   .2121033E+05   .3023493E+03   .3023493E+03
   .2134105E+05   .3040213E+03   .3040213E+03
   .2147217E+05   .3056979E+03   .3056979E+03
   .2160369E+05   .3073792E+03   .3073792E+03
   .2173562E+05   .3090651E+03   .3090651E+03
   .2186794E+05   .3107558E+03   .3107558E+03
   .2200067E+05   .3124511E+03   .3124511E+03
   .2213380E+05   .3141510E+03   .3141510E+03
   .2226733E+05   .3158556E+03   .3158556E+03
   .2240127E+05   .3175649E+03   .3175649E+03
   .2253560E+05   .3192788E+03   .3192788E+03
   .2267034E+05   .3209975E+03   .3209975E+03
   .2280547E+05   .3227207E+03   .3227207E+03
   .2294101E+05   .3244487E+03   .3244487E+03
   .2307695E+05   .3261813E+03   .3261813E+03
   .2321329E+05   .3279186E+03   .3279186E+03
   .2335004E+05   .3296606E+03   .3296606E+03
   .2348718E+05   .3314072E+03   .3314072E+03
   .2362473E+05   .3331585E+03   .3331585E+03
   .2376268E+05   .3349145E+03   .3349145E+03
   .2390103E+05   .3366751E+03   .3366751E+03
   .2403978E+05   .3384404E+03   .3384404E+03
   .2417893E+05   .3402104E+03   .3402104E+03
   .2431849E+05   .3419850E+03   .3419850E+03
   .2445844E+05   .3437644E+03   .3437644E+03
   .2459880E+05   .3455484E+03   .3455484E+03
   .2473956E+05   .3473371E+03   .3473371E+03
   .2488072E+05   .3491304E+03   .3491304E+03
   .2502229E+05   .3509284E+03   .3509284E+03
   .2516425E+05   .3527310E+03   .3527310E+03
   .2530662E+05   .3545384E+03   .3545384E+03
   .2544938E+05   .3563504E+03   .3563504E+03
   .2559255E+05   .3581671E+03   .3581671E+03
   .2573612E+05   .3599885E+03   .3599885E+03
   .2588010E+05   .3618145E+03   .3618145E+03
   .2602447E+05   .3636452E+03   .3636452E+03
   .2616925E+05   .3654806E+03   .3654806E+03
   .2631442E+05   .3673206E+03   .3673206E+03
   .2646000E+05   .3691654E+03   .3691654E+03
   .2660598E+05   .3710148E+03   .3710148E+03
   .2675237E+05   .3728689E+03   .3728689E+03
   .2689915E+05   .3747276E+03   .3747276E+03
   .2704633E+05   .3765911E+03   .3765911E+03
   .2719392E+05   .3784592E+03   .3784592E+03
   .2734191E+05   .3803321E+03   .3803321E+03
   .2749030E+05   .3822095E+03   .3822095E+03
   .2763909E+05   .3837626E+03   .3837626E+03
   .2778828E+05   .3858511E+03   .3858511E+03
   .2793788E+05   .3877916E+03   .3877916E+03
   .2808788E+05   .3897107E+03   .3897107E+03
   .2823827E+05   .3916249E+03   .3916249E+03
   .2838907E+05   .3935393E+03   .3935393E+03
   .2854027E+05   .3954558E+03   .3954558E+03
   .2869188E+05   .3973754E+03   .3973754E+03
   .2884388E+05   .3992986E+03   .3992986E+03
   .2899629E+05   .4012258E+03   .4012258E+03
   .2914910E+05   .4031571E+03   .4031571E+03
   .2930230E+05   .4050927E+03   .4050927E+03
   .2945592E+05   .4070326E+03   .4070326E+03
   .2960993E+05   .4089770E+03   .4089770E+03
   .2976434E+05   .4109258E+03   .4109258E+03
   .2991916E+05   .4128791E+03   .4128791E+03
   .3007437E+05   .4148369E+03   .4148369E+03
   .3022999E+05   .4167992E+03   .4167992E+03
   .3038601E+05   .4187661E+03   .4187661E+03
   .3054244E+05   .4207374E+03   .4207374E+03
   .3069926E+05   .4227133E+03   .4227133E+03
   .3085648E+05   .4246938E+03   .4246938E+03
   .3101411E+05   .4266788E+03   .4266788E+03
   .3117214E+05   .4286684E+03   .4286684E+03
   .3133057E+05   .4306625E+03   .4306625E+03
   .3148940E+05   .4326613E+03   .4326613E+03
   .3164863E+05   .4346646E+03   .4346646E+03
   .3180827E+05   .4366725E+03   .4366725E+03
   .3196830E+05   .4386849E+03   .4386849E+03
   .3212874E+05   .4407020E+03   .4407020E+03
   .3228958E+05   .4427236E+03   .4427236E+03
   .3245082E+05   .4447499E+03   .4447499E+03
   .3261247E+05   .4467807E+03   .4467807E+03
   .3277451E+05   .4488161E+03   .4488161E+03
   .3293696E+05   .4508561E+03   .4508561E+03
   .3309980E+05   .4529007E+03   .4529007E+03
   .3326305E+05   .4549500E+03   .4549500E+03
   .3342670E+05   .4570038E+03   .4570038E+03
   .3359076E+05   .4590622E+03   .4590622E+03
   .3375521E+05   .4611252E+03   .4611252E+03
   .3392006E+05   .4631928E+03   .4631928E+03
   .3408532E+05   .4652651E+03   .4652651E+03
   .3425098E+05   .4673419E+03   .4673419E+03
   .3441704E+05   .4694233E+03   .4694233E+03
   .3458350E+05   .4715093E+03   .4715093E+03
   .3475037E+05   .4736000E+03   .4736000E+03
   .3491763E+05   .4756952E+03   .4756952E+03
   .3508530E+05   .4777951E+03   .4777951E+03
   .3525337E+05   .4798996E+03   .4798996E+03
   .3542184E+05   .4820087E+03   .4820087E+03
   .3559071E+05   .4841224E+03   .4841224E+03
   .3575998E+05   .4862407E+03   .4862407E+03
   .3592966E+05   .4883637E+03   .4883637E+03
   .3609973E+05   .4904913E+03   .4904913E+03
   .3627021E+05   .4926235E+03   .4926235E+03
   .3644109E+05   .4947604E+03   .4947604E+03
   .3661237E+05   .4969018E+03   .4969018E+03
   .3678405E+05   .4990480E+03   .4990480E+03
   .3695614E+05   .5011987E+03   .5011987E+03
   .3712862E+05   .5033541E+03   .5033541E+03
   .3730151E+05   .5055141E+03   .5055141E+03
   .3747480E+05   .5076788E+03   .5076788E+03
   .3764849E+05   .5098481E+03   .5098481E+03
   .3782258E+05   .5120221E+03   .5120221E+03
   .3799708E+05   .5142007E+03   .5142007E+03
   .3817197E+05   .5163839E+03   .5163839E+03
   .3834727E+05   .5185718E+03   .5185718E+03
   .3852297E+05   .5207644E+03   .5207644E+03
   .3869907E+05   .5229616E+03   .5229616E+03
   .3887557E+05   .5249243E+03   .5249243E+03
   .3905247E+05   .5272749E+03   .5272749E+03
   .3922978E+05   .5295233E+03   .5295233E+03
   .3940748E+05   .5317566E+03   .5317566E+03
   .3958559E+05   .5339874E+03   .5339874E+03
   .3976410E+05   .5362194E+03   .5362194E+03
   .3994301E+05   .5384542E+03   .5384542E+03
   .4012233E+05   .5406925E+03   .5406925E+03
   .4030204E+05   .5429346E+03   .5429346E+03
   .4048216E+05   .5451809E+03   .5451809E+03
   .4066267E+05   .5474315E+03   .5474315E+03
   .4084359E+05   .5496865E+03   .5496865E+03
   .4102491E+05   .5519459E+03   .5519459E+03
   .4120664E+05   .5542099E+03   .5542099E+03
   .4138876E+05   .5564784E+03   .5564784E+03
   .4157129E+05   .5587515E+03   .5587515E+03
   .4175421E+05   .5610292E+03   .5610292E+03
   .4193754E+05   .5633115E+03   .5633115E+03
   .4212127E+05   .5655984E+03   .5655984E+03
   .4230541E+05   .5678899E+03   .5678899E+03
   .4248994E+05   .5701861E+03   .5701861E+03
   .4267487E+05   .5724870E+03   .5724870E+03
   .4286021E+05   .5747925E+03   .5747925E+03
   .4304595E+05   .5771027E+03   .5771027E+03
   .4323209E+05   .5794176E+03   .5794176E+03
   .4341863E+05   .5817371E+03   .5817371E+03
   .4360558E+05   .5840613E+03   .5840613E+03
   .4379292E+05   .5863902E+03   .5863902E+03
   .4398067E+05   .5887238E+03   .5887238E+03
   .4416881E+05   .5910621E+03   .5910621E+03
   .4435736E+05   .5934050E+03   .5934050E+03
   .4454632E+05   .5957527E+03   .5957527E+03
   .4473567E+05   .5981050E+03   .5981050E+03
   .4492542E+05   .6004621E+03   .6004621E+03
   .4511558E+05   .6028238E+03   .6028238E+03
   .4530614E+05   .6051902E+03   .6051902E+03
   .4549710E+05   .6075614E+03   .6075614E+03
   .4568846E+05   .6099372E+03   .6099372E+03
   .4588022E+05   .6123178E+03   .6123178E+03
   .4607238E+05   .6147030E+03   .6147030E+03
   .4626495E+05   .6170930E+03   .6170930E+03
   .4645792E+05   .6194876E+03   .6194876E+03
   .4665129E+05   .6218870E+03   .6218870E+03
   .4684506E+05   .6242910E+03   .6242910E+03
   .4703923E+05   .6266998E+03   .6266998E+03
   .4723380E+05   .6291133E+03   .6291133E+03
   .4742878E+05   .6315315E+03   .6315315E+03
   .4762415E+05   .6339544E+03   .6339544E+03
   .4781993E+05   .6363819E+03   .6363819E+03
   .4801611E+05   .6388142E+03   .6388142E+03
   .4821269E+05   .6412513E+03   .6412513E+03
   .4840968E+05   .6436930E+03   .6436930E+03
   .4860706E+05   .6461394E+03   .6461394E+03
   .4880485E+05   .6485905E+03   .6485905E+03
   .4900304E+05   .6510464E+03   .6510464E+03
   .4920163E+05   .6535069E+03   .6535069E+03
   .4940062E+05   .6559722E+03   .6559722E+03
   .4960001E+05   .6584421E+03   .6584421E+03
   .4979980E+05   .6609168E+03   .6609168E+03
   .5000000E+05   .6633961E+03   .6633961E+03
