12
   1 1s1/2 2  1.43270000E+04
   2 2s1/2 2  1.92460000E+03
   3 2p1/2 2  1.73090000E+03
   4 2p3/2 4  1.67840000E+03
   5 3s1/2 2  2.92800000E+02
   6 3p1/2 2  2.22200000E+02
   7 3p3/2 4  2.14400000E+02
   8 3d3/2 4  9.50000000E+01
   9 3d5/2 6  9.38000000E+01
  10 4s1/2 2  2.75100000E+01
  11 4p1/2 2  1.46500000E+01
  12 4p3/2 4  1.40000000E+01
   1  3  0  1.88869000E-01  1.25954000E+04
   1  4  0  3.64199000E-01  1.26480000E+04
   1  6  0  2.65729000E-02  1.41050000E+04
   1  7  0  5.18228000E-02  1.41128000E+04
   1  8  0  7.74727000E-05  1.42377000E+04
   1  9  0  1.11000000E-04  1.42377000E+04
   1 11  0  2.33499000E-03  1.43150000E+04
   1 12  0  4.49188000E-03  1.43150000E+04
   1  2  2  2.50649000E-02  1.04754000E+04
   1  2  3  2.80310000E-02  1.06494000E+04
   1  2  4  4.62200000E-02  1.07043000E+04
   1  2  5  7.46432000E-03  1.20995000E+04
   1  2  6  4.23599000E-03  1.21626000E+04
   1  2  7  6.93372000E-03  1.21707000E+04
   1  2  8  3.13821000E-04  1.22824000E+04
   1  2  9  4.05746000E-04  1.22837000E+04
   1  2 10  9.67892000E-04  1.23503000E+04
   1  2 11  4.20560000E-04  1.23643000E+04
   1  2 12  6.81524000E-04  1.23650000E+04
   1  3  3  4.67293000E-03  1.08234000E+04
   1  3  4  1.07352000E-01  1.08783000E+04
   1  3  5  3.49080000E-03  1.22735000E+04
   1  3  6  1.30486000E-03  1.23366000E+04
   1  3  7  1.37050000E-02  1.23447000E+04
   1  3  8  4.20525000E-04  1.24564000E+04
   1  3  9  1.52361000E-03  1.24577000E+04
   1  3 10  4.40592000E-04  1.25243000E+04
   1  3 11  1.28901000E-04  1.25383000E+04
   1  3 12  1.32071000E-03  1.25390000E+04
   1  4  4  5.79975000E-02  1.09332000E+04
   1  4  5  5.77333000E-03  1.23284000E+04
   1  4  6  1.36599000E-02  1.23915000E+04
   1  4  7  1.51016000E-02  1.23996000E+04
   1  4  8  1.87127000E-03  1.25112000E+04
   1  4  9  1.80360000E-03  1.25126000E+04
   1  4 10  7.29062000E-04  1.25792000E+04
   1  4 11  1.32820000E-03  1.25932000E+04
   1  4 12  1.45916000E-03  1.25939000E+04
   1  5  5  5.54395000E-04  1.37237000E+04
   1  5  6  5.37332000E-04  1.37867000E+04
   1  5  7  8.80278000E-04  1.37949000E+04
   1  5  8  3.73884000E-05  1.39065000E+04
   1  5  9  4.70068000E-05  1.39079000E+04
   1  5 10  1.43150000E-04  1.39744000E+04
   1  5 11  5.34117000E-05  1.39884000E+04
   1  5 12  8.65290000E-05  1.39891000E+04
   1  6  6  8.83051000E-05  1.38498000E+04
   1  6  7  1.79728000E-03  1.38579000E+04
   1  6  8  4.19953000E-05  1.39695000E+04
   1  6  9  1.59380000E-04  1.39709000E+04
   1  6 10  6.89185000E-05  1.40374000E+04
   1  6 11  1.72293000E-05  1.40514000E+04
   1  6 12  1.73380000E-04  1.40522000E+04
   1  7  7  1.00439000E-03  1.38661000E+04
   1  7  8  1.99370000E-04  1.39777000E+04
   1  7  9  1.88592000E-04  1.39791000E+04
   1  7 10  1.12080000E-04  1.40456000E+04
   1  7 11  1.74581000E-04  1.40596000E+04
   1  7 12  1.93981000E-04  1.40603000E+04
   1  8  9  1.79615000E-05  1.40907000E+04
   1  8 10  4.22641000E-06  1.41572000E+04
   1  8 11  4.22641000E-06  1.41712000E+04
   1  8 12  1.79615000E-05  1.41719000E+04
   1  9  9  4.34469000E-06  1.40920000E+04
   1  9 10  6.51667000E-06  1.41586000E+04
   1  9 11  1.52065000E-05  1.41726000E+04
   1  9 12  1.73779000E-05  1.41733000E+04
   1 10 10  8.71833000E-06  1.42251000E+04
   1 10 11  5.81183000E-06  1.42391000E+04
   1 10 12  9.68675000E-06  1.42398000E+04
   1 11 11  1.05661000E-06  1.42531000E+04
   1 11 12  1.69053000E-05  1.42539000E+04
   1 12 12  9.70476000E-06  1.42546000E+04
   2  3  0  1.42479000E-05  1.74000000E+02
   2  4  0  8.20713000E-05  2.28900000E+02
   2  6  0  1.11439000E-03  1.69750000E+03
   2  7  0  1.98218000E-03  1.70680000E+03
   2  8  0  6.55615000E-06  1.83010000E+03
   2  9  0  9.75582000E-06  1.83130000E+03
   2 11  0  1.04499000E-04  1.91090000E+03
   2 12  0  1.84708000E-04  1.91150000E+03
   2  3 10  1.18917000E-02  1.46560000E+02
   2  3 11  6.64933000E-03  1.60570000E+02
   2  3 12  9.21862000E-03  1.61280000E+02
   2  4  8  1.91470000E-01  1.33550000E+02
   2  4  9  2.72920000E-01  1.34920000E+02
   2  4 10  1.97729000E-02  2.01460000E+02
   2  4 11  7.45160000E-03  2.15470000E+02
   2  4 12  1.55894000E-02  2.16180000E+02
   2  5  5  7.62851000E-03  1.34596000E+03
   2  5  6  1.45374000E-02  1.40901000E+03
   2  5  7  2.79786000E-02  1.41717000E+03
   2  5  8  1.99397000E-02  1.52878000E+03
   2  5  9  2.90659000E-02  1.53015000E+03
   2  5 10  1.75233000E-03  1.59669000E+03
   2  5 11  1.43690000E-03  1.61070000E+03
   2  5 12  2.73975000E-03  1.61141000E+03
   2  6  6  1.53785000E-04  1.47206000E+03
   2  6  7  5.94687000E-04  1.48022000E+03
   2  6  8  3.57074000E-04  1.59183000E+03
   2  6  9  6.44649000E-03  1.59320000E+03
   2  6 10  1.42301000E-03  1.65974000E+03
   2  6 11  2.17816000E-05  1.67375000E+03
   2  6 12  5.61026000E-05  1.67446000E+03
   2  7  7  7.39370000E-04  1.48838000E+03
   2  7  8  6.56702000E-03  1.59999000E+03
   2  7  9  4.64073000E-03  1.60136000E+03
   2  7 10  2.94822000E-03  1.66790000E+03
   2  7 11  6.10820000E-05  1.68191000E+03
   2  7 12  1.21453000E-04  1.68262000E+03
   2  8  8  8.46149000E-04  1.71160000E+03
   2  8  9  3.76210000E-02  1.71297000E+03
   2  8 10  1.87252000E-03  1.77951000E+03
   2  8 11  4.55414000E-05  1.79352000E+03
   2  8 12  5.87434000E-04  1.79423000E+03
   2  9  9  1.04797000E-02  1.71434000E+03
   2  9 10  2.73326000E-03  1.78088000E+03
   2  9 11  6.05925000E-04  1.79489000E+03
   2  9 12  4.29031000E-04  1.79560000E+03
   2 10 10  9.76846000E-05  1.84742000E+03
   2 10 11  1.40585000E-04  1.86143000E+03
   2 10 12  2.67986000E-04  1.86214000E+03
   2 11 11  7.73010000E-07  1.87544000E+03
   2 11 12  6.18413000E-06  1.87615000E+03
   2 12 12  4.62006000E-06  1.87686000E+03
   3  5  0  3.38438000E-03  1.43940000E+03
   3  7  0  2.35079000E-05  1.51770000E+03
   3  8  0  1.74919000E-02  1.63688000E+03
   3 10  0  1.67509000E-04  1.70330000E+03
   3 12  0  3.66198000E-07  1.71852000E+03
   3  5  5  2.03727000E-03  1.17196000E+03
   3  5  6  4.06245000E-02  1.23501000E+03
   3  5  7  3.67292000E-03  1.24317000E+03
   3  5  8  2.05945000E-03  1.35478000E+03
   3  5  9  5.45922000E-03  1.35615000E+03
   3  5 10  4.46067000E-04  1.42269000E+03
   3  5 11  3.08477000E-03  1.43670000E+03
   3  5 12  3.28449000E-04  1.43741000E+03
   3  6  6  3.74502000E-02  1.29806000E+03
   3  6  7  1.25663000E-01  1.30622000E+03
   3  6  8  5.94956000E-02  1.41783000E+03
   3  6  9  1.09768000E-01  1.41920000E+03
   3  6 10  5.36171000E-03  1.48574000E+03
   3  6 11  6.60675000E-03  1.49975000E+03
   3  6 12  1.20927000E-02  1.50046000E+03
   3  7  7  3.45316000E-03  1.31438000E+03
   3  7  8  7.33333000E-02  1.42599000E+03
   3  7  9  1.02704000E-02  1.42736000E+03
   3  7 10  4.26100000E-04  1.49390000E+03
   3  7 11  9.82708000E-03  1.50791000E+03
   3  7 12  5.81445000E-04  1.50862000E+03
   3  8  8  6.11583000E-02  1.53760000E+03
   3  8  9  2.72737000E-01  1.53897000E+03
   3  8 10  2.86295000E-04  1.60551000E+03
   3  8 11  4.62492000E-03  1.61952000E+03
   3  8 12  6.79101000E-03  1.62023000E+03
   3  9  9  1.29541000E-02  1.54034000E+03
   3  9 10  6.52471000E-04  1.60688000E+03
   3  9 11  7.96061000E-03  1.62089000E+03
   3  9 12  8.87686000E-04  1.62160000E+03
   3 10 10  2.44127000E-05  1.67342000E+03
   3 10 11  4.08357000E-04  1.68743000E+03
   3 10 12  3.77275000E-05  1.68814000E+03
   3 11 11  2.86289000E-04  1.70144000E+03
   3 11 12  9.45404000E-04  1.70215000E+03
   3 12 12  3.77848000E-05  1.70286000E+03
   4  5  0  4.04641000E-03  1.38690000E+03
   4  6  0  1.36320000E-05  1.45770000E+03
   4  7  0  1.30140000E-05  1.46530000E+03
   4  8  0  1.62150000E-03  1.58541000E+03
   4  9  0  1.57820000E-02  1.58541000E+03
   4 10  0  1.50760000E-04  1.65090000E+03
   4 11  0  1.77550000E-07  1.66543000E+03
   4 12  0  1.68380000E-07  1.66609000E+03
   4  5  5  2.30255000E-03  1.11706000E+03
   4  5  6  1.70999000E-03  1.18011000E+03
   4  5  7  4.49214000E-02  1.18827000E+03
   4  5  8  3.91035000E-03  1.29988000E+03
   4  5  9  4.25888000E-03  1.30125000E+03
   4  5 10  5.04185000E-04  1.36779000E+03
   4  5 11  1.51020000E-04  1.38180000E+03
   4  5 12  3.41078000E-03  1.38251000E+03
   4  6  6  6.41264000E-04  1.24316000E+03
   4  6  7  7.20118000E-02  1.25132000E+03
   4  6  8  4.40753000E-03  1.36293000E+03
   4  6  9  4.06759000E-02  1.36430000E+03
   4  6 10  1.95158000E-04  1.43084000E+03
   4  6 11  1.11519000E-04  1.44485000E+03
   4  6 12  5.59703000E-03  1.44556000E+03
   4  7  7  1.04807000E-01  1.25948000E+03
   4  7  8  9.23720000E-02  1.37109000E+03
   4  7  9  1.40909000E-01  1.37246000E+03
   4  7 10  5.88989000E-03  1.43900000E+03
   4  7 11  6.91448000E-03  1.45301000E+03
   4  7 12  1.82275000E-02  1.45372000E+03
   4  8  8  1.16688000E-02  1.48270000E+03
   4  8  9  2.30889000E-01  1.48407000E+03
   4  8 10  4.80958000E-04  1.55061000E+03
   4  8 11  4.22869000E-04  1.56462000E+03
   4  8 12  6.85892000E-03  1.56533000E+03
   4  9  9  1.56822000E-01  1.48544000E+03
   4  9 10  5.48320000E-04  1.55198000E+03
   4  9 11  3.72441000E-03  1.56599000E+03
   4  9 12  1.12059000E-02  1.56670000E+03
   4 10 10  2.78813000E-05  1.61852000E+03
   4 10 11  1.85881000E-05  1.63253000E+03
   4 10 12  4.48431000E-04  1.63324000E+03
   4 11 11  4.64684000E-06  1.64654000E+03
   4 11 12  5.39044000E-04  1.64725000E+03
   4 12 12  7.83011000E-04  1.64796000E+03
   5 11  0  1.97284000E-05  2.64740000E+02
   5 12  0  3.07209000E-05  2.65450000E+02
   5  8 10  5.60700000E-02  1.55380000E+02
   5  8 11  6.75392000E-03  1.69390000E+02
   5  8 12  5.55833000E-03  1.70100000E+02
   5  9 10  8.31509000E-02  1.56750000E+02
   5  9 11  2.71101000E-03  1.70760000E+02
   5  9 12  1.41569000E-02  1.71470000E+02
   5 10 10  1.58861000E-02  2.23290000E+02
   5 10 11  1.76513000E-02  2.37300000E+02
   5 10 12  3.32763000E-02  2.38010000E+02
   5 11 11  1.01328000E-03  2.51310000E+02
   5 11 12  2.80685000E-03  2.52020000E+02
   5 12 12  3.09833000E-03  2.52730000E+02
   6  8  0  1.67029000E-04  1.19770000E+02
   6 10  0  3.24469000E-05  1.87680000E+02
   6  8 11  8.85373000E-02  1.06340000E+02
   6  8 12  1.33504000E-01  1.07050000E+02
   6  9 11  1.35410000E-01  1.07710000E+02
   6  9 12  1.33880000E-02  1.08420000E+02
   6 10 10  2.31230000E-04  1.60240000E+02
   6 10 11  4.65011000E-03  1.74250000E+02
   6 10 12  5.69246000E-04  1.74960000E+02
   6 11 11  2.30383000E-03  1.88260000E+02
   6 11 12  7.49094000E-03  1.88970000E+02
   6 12 12  1.98199000E-04  1.89680000E+02
   7  8  0  1.41139000E-05  1.11610000E+02
   7  9  0  1.32959000E-04  1.12980000E+02
   7 10  0  3.23128000E-05  1.79520000E+02
   7  9 12  2.28386000E-01  1.00260000E+02
   7 10 10  1.79160000E-04  1.52080000E+02
   7 10 11  3.00946000E-04  1.66090000E+02
   7 10 12  5.72675000E-03  1.66800000E+02
   7 11 11  5.56009000E-05  1.80100000E+02
   7 11 12  4.76317000E-03  1.80810000E+02
   7 12 12  7.00116000E-03  1.81520000E+02
   2  3 30  1.48729000E-01  1.74000000E+02
   2  4 30  1.27861000E-01  2.28900000E+02
   3 30  0  1.79799000E-09  1.72830000E+03
   3  4 30  9.70975000E-02  5.49000000E+01
   5 30  0  4.78762000E-05  2.78170000E+02
   5  6 30  2.59163000E-01  6.30500000E+01
   5  7 30  4.52925000E-01  7.12100000E+01
   5  8 30  2.73097000E-02  1.82820000E+02
   5  9 30  1.83723000E-02  1.84190000E+02
   6  8 30  5.80476000E-01  1.19770000E+02
   6  9 30  3.30412000E-02  1.21140000E+02
   7  8 30  3.57487000E-01  1.11610000E+02
   7  9 30  3.95920000E-01  1.12980000E+02
   8 30  0  8.35663000E-06  9.53500000E+01
   8 10 30  7.90383000E-01  6.79100000E+01
   8 11 30  1.67850000E-01  8.19200000E+01
   8 12 30  4.17582000E-02  8.26300000E+01
   9 30  0  6.96921000E-06  9.39800000E+01
   9 10 30  7.76661000E-01  6.65400000E+01
   9 11 30  8.26121000E-02  8.05500000E+01
   9 12 30  1.40720000E-01  8.12600000E+01
