24
    1 1s1/2 2  9.31060000E+04
    2 2s1/2 2  1.69370000E+04
    3 2p1/2 2  1.62440000E+04
    4 2p3/2 4  1.38160000E+04
    5 3s1/2 2  4.16100000E+03
    6 3p1/2 2  3.85200000E+03
    7 3p3/2 4  3.30100000E+03
    8 3d3/2 4  2.80200000E+03
    9 3d5/2 6  2.68700000E+03
    10 4s1/2 2  9.94000000E+02
    11 4p1/2 2  8.58000000E+02
    12 4p3/2 4  7.24000000E+02
    13 4d3/2 4  5.03000000E+02
    14 4d5/2 6  4.78000000E+02
    17 5s1/2 2  1.81000000E+02
    18 5p1/2 2  1.39000000E+02
    19 5p3/2 4  1.12000000E+02
    15 4f5/2 6  1.93000000E+02
    16 4f7/2 8  1.87000000E+02
    20 5d3/2 4  4.10000000E+01
    21 5d5/2 6  3.80000000E+01
    24 6s1/2 2  1.17150000E+01
    25 6p1/2 2  1.17150000E+01
    26 6p3/2 2  8.43000000E+00
    1  3  0  2.83449000E-01  7.68644000E+04
    1  4  0  4.71838000E-01  7.92929000E+04
    1  6  0  5.29628000E-02  8.92470000E+04
    1  7  0  1.02770000E-01  8.97970000E+04
    1  8  0  1.52239000E-03  9.03073000E+04
    1  9  0  1.82179000E-03  9.04215000E+04
    1 11  0  1.27699000E-02  9.22620000E+04
    1 12  0  2.52079000E-02  9.24000000E+04
    1 13  0  4.13858000E-04  9.26073000E+04
    1 14  0  4.94968000E-04  9.26325000E+04
    1 18  0  2.99139000E-03  9.32883000E+04
    1 19  0  5.75317000E-03  9.33165000E+04
    1 20  0  6.14157000E-05  9.33818000E+04
    1 21  0  7.21227000E-05  9.33855000E+04
    1 25  0  1.85779000E-04  9.34138000E+04
    1 26  0  3.06379000E-04  9.34166000E+04
    1  2  2  4.10923000E-03  5.95880000E+04
    1  2  3  6.74392000E-03  6.02090000E+04
    1  2  4  3.40843000E-03  6.26890000E+04
    1  2  5  1.66758000E-03  7.23784000E+04
    1  2  6  1.46165000E-03  7.26658000E+04
    1  2  7  8.08472000E-04  7.32245000E+04
    1  2  8  6.89943000E-05  7.37025000E+04
    1  2  9  4.94357000E-05  7.38209000E+04
    1  2 10  4.24233000E-04  7.55344000E+04
    1  2 11  3.64105000E-04  7.56617000E+04
    1  2 12  2.01514000E-04  7.58010000E+04
    1  2 13  1.86455000E-05  7.60104000E+04
    1  2 14  1.31433000E-05  7.60365000E+04
    1  2 15  4.54811000E-08  7.63105000E+04
    1  2 16  4.54811000E-08  7.63167000E+04
    1  3  3  3.33942000E-04  6.08300000E+04
    1  3  4  5.89549000E-03  6.33100000E+04
    1  3  5  1.19421000E-03  7.29994000E+04
    1  3  6  1.27021000E-04  7.32868000E+04
    1  3  7  1.17310000E-03  7.38455000E+04
    1  3  8  7.06247000E-05  7.43235000E+04
    1  3  9  1.78728000E-04  7.44419000E+04
    1  3 10  2.94518000E-04  7.61554000E+04
    1  3 11  3.06974000E-05  7.62827000E+04
    1  3 12  2.80596000E-04  7.64220000E+04
    1  3 13  1.83277000E-05  7.66314000E+04
    1  3 14  4.65709000E-05  7.66575000E+04
    1  3 15  5.45739000E-07  7.69315000E+04
    1  3 16  8.18570000E-07  7.69377000E+04
    1  4  4  2.50128000E-03  6.57900000E+04
    1  4  5  5.44360000E-04  7.54794000E+04
    1  4  6  1.05467000E-03  7.57668000E+04
    1  4  7  1.02801000E-03  7.63255000E+04
    1  4  8  1.97329000E-04  7.68035000E+04
    1  4  9  1.62541000E-04  7.69219000E+04
    1  4 10  1.30968000E-04  7.86354000E+04
    1  4 11  2.51768000E-04  7.87627000E+04
    1  4 12  2.48072000E-04  7.89020000E+04
    1  4 13  5.17523000E-05  7.91114000E+04
    1  4 14  4.25223000E-05  7.91375000E+04
    1  4 15  8.64062000E-07  7.94115000E+04
    1  4 16  9.55006000E-07  7.94177000E+04
    1  5  5  1.66445000E-04  8.51688000E+04
    1  5  6  2.59270000E-04  8.54562000E+04
    1  5  7  1.30203000E-04  8.60149000E+04
    1  5  8  1.08236000E-05  8.64929000E+04
    1  5  9  7.27624000E-06  8.66113000E+04
    1  5 10  8.44059000E-05  8.83248000E+04
    1  5 11  6.46217000E-05  8.84521000E+04
    1  5 12  3.25170000E-05  8.85914000E+04
    1  5 13  2.91061000E-06  8.88008000E+04
    1  5 14  1.90997000E-06  8.88269000E+04
    1  6  6  1.16875000E-05  8.57436000E+04
    1  6  7  2.16024000E-04  8.63023000E+04
    1  6  8  1.11418000E-05  8.67803000E+04
    1  6  9  2.40127000E-05  8.68987000E+04
    1  6 10  6.39430000E-05  8.86122000E+04
    1  6 11  5.59400000E-06  8.87395000E+04
    1  6 12  5.19810000E-05  8.88788000E+04
    1  6 13  2.91068000E-06  8.90882000E+04
    1  6 14  6.32136000E-06  8.91143000E+04
    1  6 15  4.54805000E-08  8.93883000E+04
    1  6 16  9.09577000E-08  8.93945000E+04
    1  7  7  1.06737000E-04  8.68610000E+04
    1  7  8  3.26068000E-05  8.73390000E+04
    1  7  9  2.59216000E-05  8.74574000E+04
    1  7 10  3.13786000E-05  8.91709000E+04
    1  7 11  5.18452000E-05  8.92982000E+04
    1  7 12  5.16178000E-05  8.94375000E+04
    1  7 13  8.64063000E-06  8.96469000E+04
    1  7 14  6.82176000E-06  8.96730000E+04
    1  7 15  1.36426000E-07  8.99470000E+04
    1  7 16  1.36426000E-07  8.99532000E+04
    1  8  8  9.09581000E-08  8.78170000E+04
    1  8  9  3.72927000E-06  8.79354000E+04
    1  8 10  2.59223000E-06  8.96489000E+04
    1  8 11  2.59223000E-06  8.97762000E+04
    1  8 12  7.45854000E-06  8.99155000E+04
    1  8 13  4.54806000E-08  9.01249000E+04
    1  8 14  9.55032000E-07  9.01510000E+04
    1  9  9  8.64054000E-07  8.80538000E+04
    1  9 10  1.72808000E-06  8.97673000E+04
    1  9 11  5.36657000E-06  8.98946000E+04
    1  9 12  5.91183000E-06  9.00339000E+04
    1  9 13  9.54998000E-07  9.02433000E+04
    1  9 14  4.54790000E-07  9.02694000E+04
    1 10 10  1.06874000E-05  9.14807000E+04
    1 10 11  1.59176000E-05  9.16081000E+04
    1 10 12  7.82224000E-06  9.17474000E+04
    1 10 13  7.27641000E-07  9.19568000E+04
    1 10 14  4.54804000E-07  9.19828000E+04
    1 11 11  6.82199000E-07  9.17354000E+04
    1 11 12  1.25068000E-05  9.18747000E+04
    1 11 13  6.82199000E-07  9.20841000E+04
    1 11 14  1.40980000E-06  9.21102000E+04
    1 12 12  6.16133000E-06  9.20141000E+04
    1 12 13  1.97887000E-06  9.22235000E+04
    1 12 14  1.52908000E-06  9.22495000E+04
    1 12 15  4.49749000E-08  9.25235000E+04
    1 12 16  4.49749000E-08  9.25297000E+04
    1 13 14  2.40470000E-07  9.24589000E+04
    1 14 14  4.77538000E-08  9.24849000E+04
    2  3  0  1.19790000E-05  6.21000000E+02
    2  4  0  3.70189000E-03  3.10100000E+03
    2  6  0  3.65129000E-02  1.30852000E+04
    2  7  0  3.83129000E-02  1.36379000E+04
    2  8  0  1.38799000E-03  1.41333000E+04
    2  9  0  2.07579000E-03  1.42476000E+04
    2 11  0  9.49786000E-03  1.60600000E+04
    2 12  0  1.09630000E-02  1.62129000E+04
    2 13  0  2.17789000E-04  1.64334000E+04
    2 14  0  3.45599000E-04  1.64586000E+04
    2 18  0  1.96419000E-03  1.67823000E+04
    2 19  0  2.24479000E-03  1.68105000E+04
    2 20  0  2.89539000E-05  1.68758000E+04
    2 21  0  4.57428000E-05  1.68795000E+04
    2 25  0  1.40579000E-04  1.69078000E+04
    2 26  0  1.37649000E-04  1.69106000E+04
    2  3 13  4.64308000E-03  1.25440000E+02
    2  3 14  6.09838000E-03  1.51460000E+02
    2  3 15  1.40430000E-02  4.25500000E+02
    2  3 16  1.86927000E-02  4.31700000E+02
    2  4  8  2.30307000E-01  2.97500000E+02
    2  4  9  2.89083000E-01  4.15900000E+02
    2  4 10  1.83639000E-02  2.12936000E+03
    2  4 11  7.24968000E-03  2.25670000E+03
    2  4 12  1.07864000E-02  2.39604000E+03
    2  4 13  3.13442000E-02  2.60544000E+03
    2  4 14  3.70418000E-02  2.63146000E+03
    2  4 15  2.14337000E-02  2.90550000E+03
    2  4 16  2.66095000E-02  2.91170000E+03
    2  5  5  5.24381000E-03  8.66280000E+03
    2  5  6  1.08284000E-02  8.95020000E+03
    2  5  7  1.66680000E-02  9.50890000E+03
    2  5  8  1.22203000E-02  9.98690000E+03
    2  5  9  1.54811000E-02  1.01053000E+04
    2  5 10  2.27048000E-03  1.18188000E+04
    2  5 11  2.66565000E-03  1.19461000E+04
    2  5 12  4.05387000E-03  1.20854000E+04
    2  5 13  2.73655000E-03  1.22948000E+04
    2  5 14  3.44160000E-03  1.23209000E+04
    2  5 15  2.34847000E-04  1.25949000E+04
    2  5 16  2.54776000E-04  1.26011000E+04
    2  6  6  1.89799000E-05  9.23760000E+03
    2  6  7  2.08768000E-04  9.79630000E+03
    2  6  8  6.77881000E-04  1.02743000E+04
    2  6  9  5.33790000E-03  1.03927000E+04
    2  6 10  1.84959000E-03  1.21062000E+04
    2  6 11  2.49216000E-06  1.22335000E+04
    2  6 12  4.21766000E-05  1.23728000E+04
    2  6 13  1.31902000E-04  1.25822000E+04
    2  6 14  7.59916000E-04  1.26083000E+04
    2  6 15  8.68410000E-05  1.28823000E+04
    2  6 16  3.01553000E-04  1.28885000E+04
    2  7  7  5.86435000E-04  1.03550000E+04
    2  7  8  1.70690000E-03  1.08330000E+04
    2  7  9  1.03824000E-03  1.09514000E+04
    2  7 10  2.79484000E-03  1.26649000E+04
    2  7 11  5.09939000E-05  1.27922000E+04
    2  7 12  2.16817000E-04  1.29315000E+04
    2  7 13  1.58161000E-04  1.31409000E+04
    2  7 14  7.59135000E-05  1.31670000E+04
    2  7 15  1.34772000E-04  1.34410000E+04
    2  7 16  1.13304000E-04  1.34472000E+04
    2  8  8  7.12557000E-04  1.13110000E+04
    2  8  9  2.07854000E-02  1.14294000E+04
    2  8 10  1.86256000E-03  1.31429000E+04
    2  8 11  2.00335000E-04  1.32702000E+04
    2  8 12  4.62966000E-04  1.34095000E+04
    2  8 13  3.11517000E-04  1.36189000E+04
    2  8 14  3.22316000E-03  1.36450000E+04
    2  8 15  2.46912000E-04  1.39190000E+04
    2  8 16  6.78450000E-04  1.39252000E+04
    2  9  9  5.72702000E-03  1.15478000E+04
    2  9 10  2.39515000E-03  1.32613000E+04
    2  9 11  1.16193000E-03  1.33886000E+04
    2  9 12  2.85071000E-04  1.35279000E+04
    2  9 13  3.11309000E-03  1.37373000E+04
    2  9 14  1.87567000E-03  1.37634000E+04
    2  9 15  7.46871000E-04  1.40374000E+04
    2  9 16  5.61703000E-04  1.40436000E+04
    2 10 10  2.31772000E-04  1.49747000E+04
    2 10 11  4.56444000E-04  1.51021000E+04
    2 10 12  6.82467000E-04  1.52414000E+04
    2 10 13  4.19067000E-04  1.54508000E+04
    2 10 14  5.31219000E-04  1.54768000E+04
    2 10 15  2.99057000E-05  1.57509000E+04
    2 10 16  3.10566000E-05  1.57571000E+04
    2 11 12  1.03522000E-05  1.53687000E+04
    2 11 13  3.46983000E-05  1.55781000E+04
    2 11 14  1.72336000E-04  1.56042000E+04
    2 11 15  1.20781000E-05  1.58782000E+04
    2 11 16  4.79263000E-05  1.58844000E+04
    2 12 12  1.91720000E-05  1.55081000E+04
    2 12 13  4.79274000E-05  1.57175000E+04
    2 12 14  2.60726000E-05  1.57435000E+04
    2 12 15  2.85645000E-05  1.60175000E+04
    2 12 16  2.33888000E-05  1.60237000E+04
    2 13 13  3.14403000E-05  1.59269000E+04
    2 13 14  5.28732000E-04  1.59529000E+04
    2 13 15  3.71920000E-05  1.62269000E+04
    2 13 16  7.74498000E-05  1.62331000E+04
    2 14 14  1.64869000E-04  1.59789000E+04
    2 14 15  9.02881000E-05  1.62530000E+04
    2 14 16  7.55320000E-05  1.62592000E+04
    2 15 15  1.04503000E-06  1.65270000E+04
    2 15 16  2.04832000E-05  1.65332000E+04
    2 16 16  4.81724000E-06  1.65394000E+04
    3  4  0  1.42510000E-05  2.48000000E+03
    3  5  0  9.22361000E-03  1.20847000E+04
    3  7  0  3.97631000E-04  1.29457000E+04
    3  8  0  3.37160000E-01  1.34471000E+04
    3 10  0  2.40580000E-03  1.52510000E+04
    3 12  0  1.12280000E-04  1.55227000E+04
    3 13  0  7.03941000E-02  1.57442000E+04
    3 15  0  3.25160000E-04  1.60531000E+04
    3 17  0  5.35061000E-04  1.61157000E+04
    3 19  0  2.31910000E-05  1.61895000E+04
    3 20  0  9.95871000E-03  1.62548000E+04
    3 24  0  8.07161000E-05  1.62767000E+04
    3 26  0  1.40610000E-06  1.62896000E+04
    3  4 10  4.84218000E-03  1.50836000E+03
    3  4 11  3.57471000E-02  1.63570000E+03
    3  4 12  9.56403000E-03  1.77504000E+03
    3  4 13  3.52403000E-02  1.98444000E+03
    3  4 14  1.20561000E-02  2.01046000E+03
    3  4 15  1.52379000E-03  2.28450000E+03
    3  4 16  2.25886000E-03  2.29070000E+03
    3  5  5  5.33620000E-04  8.04180000E+03
    3  5  6  1.93731000E-02  8.32920000E+03
    3  5  7  1.79065000E-03  8.88790000E+03
    3  5  8  3.15404000E-03  9.36590000E+03
    3  5  9  1.63858000E-03  9.48430000E+03
    3  5 10  2.07898000E-04  1.11978000E+04
    3  5 11  3.14885000E-03  1.13251000E+04
    3  5 12  3.90254000E-04  1.14644000E+04
    3  5 13  5.00254000E-04  1.16738000E+04
    3  5 14  2.21767000E-04  1.16999000E+04
    3  5 15  8.70624000E-05  1.19739000E+04
    3  5 16  6.10704000E-05  1.19801000E+04
    3  6  6  2.03666000E-02  8.61660000E+03
    3  6  7  5.05158000E-02  9.17530000E+03
    3  6  8  2.60157000E-02  9.65330000E+03
    3  6  9  3.62394000E-02  9.77170000E+03
    3  6 10  5.05158000E-03  1.14852000E+04
    3  6 11  8.43796000E-03  1.16125000E+04
    3  6 12  1.20635000E-02  1.17518000E+04
    3  6 13  5.82232000E-03  1.19612000E+04
    3  6 14  8.09464000E-03  1.19873000E+04
    3  6 15  4.54353000E-04  1.22613000E+04
    3  6 16  3.89372000E-04  1.22675000E+04
    3  7  7  1.13183000E-03  9.73400000E+03
    3  7  8  2.28182000E-02  1.02120000E+04
    3  7  9  3.35469000E-03  1.03304000E+04
    3  7 10  3.91113000E-04  1.20439000E+04
    3  7 11  8.34926000E-03  1.21712000E+04
    3  7 12  4.64317000E-04  1.23105000E+04
    3  7 13  4.31232000E-03  1.25199000E+04
    3  7 14  6.11613000E-04  1.25460000E+04
    3  7 15  1.78885000E-04  1.28200000E+04
    3  7 16  9.31257000E-05  1.28262000E+04
    3  8  8  2.15965000E-02  1.06900000E+04
    3  8  9  8.51986000E-02  1.08084000E+04
    3  8 10  8.25507000E-04  1.25219000E+04
    3  8 11  4.15587000E-03  1.26492000E+04
    3  8 12  5.03167000E-03  1.27885000E+04
    3  8 13  8.01992000E-03  1.29979000E+04
    3  8 14  1.70669000E-02  1.30240000E+04
    3  8 15  1.57010000E-03  1.32980000E+04
    3  8 16  3.15955000E-03  1.33042000E+04
    3  9  9  4.14373000E-03  1.09268000E+04
    3  9 10  3.44351000E-04  1.26403000E+04
    3  9 11  5.10176000E-03  1.27676000E+04
    3  9 12  6.81308000E-04  1.29069000E+04
    3  9 13  1.29826000E-02  1.31163000E+04
    3  9 14  1.51078000E-03  1.31424000E+04
    3  9 15  6.26313000E-04  1.34164000E+04
    3  9 16  2.39090000E-04  1.34226000E+04
    3 10 10  1.94904000E-05  1.43537000E+04
    3 10 11  8.25112000E-04  1.44811000E+04
    3 10 12  8.57568000E-05  1.46204000E+04
    3 10 13  1.27338000E-04  1.48298000E+04
    3 10 14  4.63430000E-05  1.48558000E+04
    3 10 15  1.99234000E-05  1.51299000E+04
    3 10 16  1.12613000E-05  1.51361000E+04
    3 11 11  8.29913000E-04  1.46084000E+04
    3 11 12  1.99798000E-03  1.47477000E+04
    3 11 13  9.16519000E-04  1.49571000E+04
    3 11 14  1.15130000E-03  1.49832000E+04
    3 11 15  5.97728000E-05  1.52572000E+04
    3 11 16  4.02809000E-05  1.52634000E+04
    3 12 12  4.76462000E-05  1.48871000E+04
    3 12 13  9.58103000E-04  1.50965000E+04
    3 12 14  1.26047000E-04  1.51225000E+04
    3 12 15  3.42173000E-05  1.53965000E+04
    3 12 16  1.64592000E-05  1.54027000E+04
    3 13 13  7.38476000E-04  1.53059000E+04
    3 13 14  2.71045000E-03  1.53319000E+04
    3 13 15  1.99667000E-04  1.56059000E+04
    3 13 16  4.05411000E-04  1.56121000E+04
    3 14 14  1.39035000E-04  1.53579000E+04
    3 14 15  8.66233000E-05  1.56320000E+04
    3 14 16  3.37833000E-05  1.56382000E+04
    3 15 15  4.76455000E-06  1.59060000E+04
    3 15 16  3.24847000E-05  1.59122000E+04
    3 16 16  2.16560000E-06  1.59184000E+04
    4  5  0  1.68141000E-02  9.66420000E+03
    4  6  0  1.86501000E-04  9.96670000E+03
    4  7  0  1.68661000E-04  1.05186000E+04
    4  8  0  2.93981000E-02  1.10160000E+04
    4  9  0  2.58731000E-01  1.11309000E+04
    4 10  0  3.90222000E-03  1.28187000E+04
    4 11  0  4.21452000E-05  1.29613000E+04
    4 12  0  4.37582000E-05  1.30956000E+04
    4 13  0  5.59743000E-03  1.33143000E+04
    4 14  0  5.07262000E-02  1.33405000E+04
    4 15  0  4.93882000E-05  1.36260000E+04
    4 16  0  2.75191000E-04  1.36317000E+04
    4 17  0  8.73494000E-04  1.36357000E+04
    4 18  0  8.87004000E-06  1.36813000E+04
    4 19  0  9.38665000E-06  1.37095000E+04
    4 20  0  7.79054000E-04  1.37748000E+04
    4 21  0  6.97283000E-03  1.37785000E+04
    4 24  0  1.29581000E-04  1.37967000E+04
    4 25  0  6.02093000E-07  1.38068000E+04
    4 26  0  5.37213000E-07  1.38096000E+04
    4  5  5  6.44730000E-04  5.56180000E+03
    4  5  6  3.14370000E-04  5.84920000E+03
    4  5  7  2.01900000E-02  6.40790000E+03
    4  5  8  2.65718000E-03  6.88590000E+03
    4  5  9  4.68104000E-03  7.00430000E+03
    4  5 10  2.53393000E-04  8.71776000E+03
    4  5 11  5.57822000E-05  8.84510000E+03
    4  5 12  3.20517000E-03  8.98444000E+03
    4  5 13  2.87556000E-04  9.19384000E+03
    4  5 14  4.69614000E-04  9.21986000E+03
    4  5 15  2.49947000E-04  9.49390000E+03
    4  5 16  4.37179000E-04  9.50010000E+03
    4  6  6  2.29189000E-05  6.13660000E+03
    4  6  7  3.38738000E-02  6.69530000E+03
    4  6  8  1.55282000E-03  7.17330000E+03
    4  6  9  1.29124000E-02  7.29170000E+03
    4  6 10  6.52976000E-05  9.00516000E+03
    4  6 11  1.42700000E-05  9.13250000E+03
    4  6 12  5.58849000E-03  9.27184000E+03
    4  6 13  3.00086000E-04  9.48124000E+03
    4  6 14  2.06774000E-03  9.50726000E+03
    4  6 15  2.38255000E-04  9.78130000E+03
    4  6 16  5.91970000E-04  9.78750000E+03
    4  7  7  4.21817000E-02  7.25400000E+03
    4  7  8  4.41957000E-02  7.73200000E+03
    4  7  9  5.89211000E-02  7.85040000E+03
    4  7 10  5.17744000E-03  9.56386000E+03
    4  7 11  7.80111000E-03  9.69120000E+03
    4  7 12  1.68616000E-02  9.83054000E+03
    4  7 13  9.30353000E-03  1.00399000E+04
    4  7 14  1.22495000E-02  1.00660000E+04
    4  7 15  8.64827000E-04  1.03400000E+04
    4  7 16  1.05898000E-03  1.03462000E+04
    4  8  8  6.05387000E-03  8.21000000E+03
    4  8  9  1.13224000E-01  8.32840000E+03
    4  8 10  6.42161000E-04  1.00419000E+04
    4  8 11  3.80091000E-04  1.01692000E+04
    4  8 12  6.62858000E-03  1.03085000E+04
    4  8 13  2.15513000E-03  1.05179000E+04
    4  8 14  1.68620000E-02  1.05440000E+04
    4  8 15  4.73929000E-04  1.08180000E+04
    4  8 16  1.60168000E-03  1.08242000E+04
    4  9  9  7.52171000E-02  8.44680000E+03
    4  9 10  1.14542000E-03  1.01603000E+04
    4  9 11  2.69212000E-03  1.02876000E+04
    4  9 12  9.94954000E-03  1.04269000E+04
    4  9 13  2.03540000E-02  1.06363000E+04
    4  9 14  2.56490000E-02  1.06624000E+04
    4  9 15  4.99723000E-03  1.09364000E+04
    4  9 16  4.53665000E-03  1.09426000E+04
    4 10 10  2.55119000E-05  1.18737000E+04
    4 10 11  1.25400000E-05  1.20011000E+04
    4 10 12  8.22470000E-04  1.21404000E+04
    4 10 13  7.56765000E-05  1.23498000E+04
    4 10 14  1.23234000E-04  1.23758000E+04
    4 10 15  3.32957000E-05  1.26499000E+04
    4 10 16  6.57287000E-05  1.26561000E+04
    4 11 11  8.64801000E-07  1.21284000E+04
    4 11 12  1.27952000E-03  1.22677000E+04
    4 11 13  6.87550000E-05  1.24771000E+04
    4 11 14  4.62680000E-04  1.25032000E+04
    4 11 15  3.54591000E-05  1.27772000E+04
    4 11 16  8.30230000E-05  1.27834000E+04
    4 12 12  1.61251000E-03  1.24071000E+04
    4 12 13  1.39839000E-03  1.26165000E+04
    4 12 14  2.03666000E-03  1.26425000E+04
    4 12 15  1.06808000E-04  1.29165000E+04
    4 12 16  1.37506000E-04  1.29227000E+04
    4 13 13  1.84213000E-04  1.28259000E+04
    4 13 14  3.17131000E-03  1.28519000E+04
    4 13 15  5.62153000E-05  1.31259000E+04
    4 13 16  1.80321000E-04  1.31321000E+04
    4 14 14  2.19926000E-03  1.28779000E+04
    4 14 15  5.82475000E-04  1.31520000E+04
    4 14 16  5.19769000E-04  1.31582000E+04
    4 15 15  2.25076000E-06  1.34260000E+04
    4 15 16  7.38303000E-05  1.34322000E+04
    4 16 16  2.50799000E-05  1.34384000E+04
    5  6  0  1.02800000E-05  2.87400000E+02
    5  7  0  5.84788000E-04  8.46100000E+02
    5 11  0  1.76509000E-03  3.28330000E+03
    5 12  0  1.27280000E-03  3.42264000E+03
    5 18  0  4.01408000E-04  3.99187000E+03
    5 19  0  3.13589000E-04  4.02008000E+03
    5 25  0  2.88859000E-05  4.11735000E+03
    5 26  0  1.94869000E-05  4.12016000E+03
    5  7 12  5.41879000E-02  1.41140000E+02
    5  7 13  1.58595000E-02  3.50540000E+02
    5  7 14  2.89868000E-02  3.76560000E+02
    5  7 15  1.81632000E-01  6.50600000E+02
    5  7 16  2.23519000E-01  6.56800000E+02
    5  8 10  2.56014000E-02  3.52460000E+02
    5  8 11  5.53500000E-03  4.79800000E+02
    5  8 12  7.39743000E-03  6.19140000E+02
    5  8 13  8.80305000E-03  8.28540000E+02
    5  8 14  1.08022000E-02  8.54560000E+02
    5  8 15  9.27549000E-03  1.12860000E+03
    5  8 16  8.58319000E-03  1.13480000E+03
    5  9 10  3.55117000E-02  4.70860000E+02
    5  9 11  9.12326000E-04  5.98200000E+02
    5  9 12  1.12079000E-02  7.37540000E+02
    5  9 13  1.21839000E-02  9.46940000E+02
    5  9 14  1.71292000E-02  9.72960000E+02
    5  9 15  1.06498000E-02  1.24700000E+03
    5  9 16  1.64235000E-02  1.25320000E+03
    5 10 10  2.37340000E-03  2.18432000E+03
    5 10 11  4.16124000E-03  2.31166000E+03
    5 10 12  6.76560000E-03  2.45100000E+03
    5 10 13  7.94028000E-03  2.66040000E+03
    5 10 14  1.11283000E-02  2.68642000E+03
    5 10 15  5.79673000E-03  2.96046000E+03
    5 10 16  7.24997000E-03  2.96666000E+03
    5 11 11  1.72124000E-04  2.43900000E+03
    5 11 12  5.11107000E-04  2.57834000E+03
    5 11 13  2.61088000E-04  2.78774000E+03
    5 11 14  1.41044000E-04  2.81376000E+03
    5 11 15  3.41536000E-05  3.08780000E+03
    5 11 16  4.64830000E-04  3.09400000E+03
    5 12 12  5.63503000E-04  2.71768000E+03
    5 12 13  6.02785000E-04  2.92708000E+03
    5 12 14  1.38087000E-03  2.95310000E+03
    5 12 15  6.82022000E-04  3.22714000E+03
    5 12 16  1.12175000E-03  3.23334000E+03
    5 13 13  9.53490000E-05  3.13648000E+03
    5 13 14  3.34395000E-04  3.16250000E+03
    5 13 15  4.40223000E-04  3.43654000E+03
    5 13 16  2.88289000E-03  3.44274000E+03
    5 14 14  2.34449000E-04  3.18852000E+03
    5 14 15  2.67152000E-03  3.46256000E+03
    5 14 16  1.63868000E-03  3.46876000E+03
    5 15 15  6.08267000E-04  3.73660000E+03
    5 15 16  4.03725000E-03  3.74280000E+03
    5 16 16  1.37594000E-03  3.74900000E+03
    6  8  0  1.18350000E-03  1.03670000E+03
    6 10  0  8.02252000E-04  2.86856000E+03
    6 13  0  4.23881000E-03  3.34464000E+03
    6 17  0  1.83540000E-04  3.65886000E+03
    6 20  0  7.11612000E-04  3.79804000E+03
    6 24  0  2.72901000E-05  3.81987000E+03
    6  7 15  2.85059000E-02  3.63200000E+02
    6  7 16  2.53206000E-02  3.69400000E+02
    6  8 11  4.92926000E-02  1.92400000E+02
    6  8 12  4.26218000E-02  3.31740000E+02
    6  8 13  1.77385000E-02  5.41140000E+02
    6  8 14  2.32369000E-02  5.67160000E+02
    6  8 15  1.43178000E-01  8.41200000E+02
    6  8 16  2.22138000E-01  8.47400000E+02
    6  9 10  7.60117000E-03  1.83460000E+02
    6  9 11  5.56014000E-02  3.10800000E+02
    6  9 12  4.74796000E-03  4.50140000E+02
    6  9 13  1.14803000E-03  6.59540000E+02
    6  9 14  2.69268000E-03  6.85560000E+02
    6  9 15  6.33080000E-03  9.59600000E+02
    6  9 16  4.18174000E-03  9.65800000E+02
    6 10 10  6.97251000E-04  1.89692000E+03
    6 10 11  1.03571000E-02  2.02426000E+03
    6 10 12  1.39270000E-03  2.16360000E+03
    6 10 13  3.64437000E-04  2.37300000E+03
    6 10 14  1.20574000E-03  2.39902000E+03
    6 10 15  5.05756000E-05  2.67306000E+03
    6 10 16  8.78788000E-04  2.67926000E+03
    6 11 11  8.01601000E-03  2.15160000E+03
    6 11 12  2.21919000E-02  2.29094000E+03
    6 11 13  2.22815000E-02  2.50034000E+03
    6 11 14  3.52931000E-02  2.52636000E+03
    6 11 15  1.33925000E-02  2.80040000E+03
    6 11 16  2.23197000E-02  2.80660000E+03
    6 12 12  5.89309000E-04  2.43028000E+03
    6 12 13  1.43148000E-03  2.63968000E+03
    6 12 14  1.27387000E-03  2.66570000E+03
    6 12 15  9.04036000E-03  2.93974000E+03
    6 12 16  2.49619000E-03  2.94594000E+03
    6 13 13  7.87084000E-04  2.84908000E+03
    6 13 14  1.78652000E-03  2.87510000E+03
    6 13 15  9.62750000E-04  3.14914000E+03
    6 13 16  1.58549000E-03  3.15534000E+03
    6 14 14  4.63775000E-04  2.90112000E+03
    6 14 15  2.60032000E-03  3.17516000E+03
    6 14 16  6.08725000E-04  3.18136000E+03
    6 15 15  3.38850000E-03  3.44920000E+03
    6 15 16  2.17066000E-02  3.45540000E+03
    6 16 16  1.13572000E-03  3.46160000E+03
    7  8  0  1.46499000E-05  4.78000000E+02
    7  9  0  2.72189000E-04  5.96400000E+02
    7 10  0  1.52689000E-03  2.30986000E+03
    7 13  0  7.40876000E-04  2.78594000E+03
    7 14  0  5.68137000E-03  2.81196000E+03
    7 17  0  3.36938000E-04  3.10016000E+03
    7 20  0  1.14659000E-04  3.23934000E+03
    7 21  0  8.81836000E-04  3.24299000E+03
    7 24  0  4.98558000E-05  3.26117000E+03
    7  8 15  1.66754000E-02  2.82500000E+02
    7  8 16  2.43076000E-02  2.88700000E+02
    7  9 13  4.84369000E-02  1.00840000E+02
    7  9 14  6.56762000E-02  1.26860000E+02
    7  9 15  1.85734000E-01  4.00900000E+02
    7  9 16  2.24541000E-01  4.07100000E+02
    7 10 10  2.90253000E-04  1.33822000E+03
    7 10 11  6.30777000E-04  1.46556000E+03
    7 10 12  1.24662000E-02  1.60490000E+03
    7 10 13  7.44603000E-04  1.81430000E+03
    7 10 14  9.11092000E-04  1.84032000E+03
    7 10 15  1.87335000E-03  2.11436000E+03
    7 10 16  3.31846000E-03  2.12056000E+03
    7 11 11  1.94446000E-05  1.59290000E+03
    7 11 12  1.54587000E-02  1.73224000E+03
    7 11 13  3.36250000E-04  1.94164000E+03
    7 11 14  3.31233000E-03  1.96766000E+03
    7 11 15  1.68461000E-03  2.24170000E+03
    7 11 16  9.04330000E-03  2.24790000E+03
    7 12 12  2.01976000E-02  1.87158000E+03
    7 12 13  2.96441000E-02  2.08098000E+03
    7 12 14  3.86794000E-02  2.10700000E+03
    7 12 15  2.62527000E-02  2.38104000E+03
    7 12 16  3.00405000E-02  2.38724000E+03
    7 13 13  1.97314000E-04  2.29038000E+03
    7 13 14  4.75001000E-03  2.31640000E+03
    7 13 15  7.18984000E-04  2.59044000E+03
    7 13 16  8.35259000E-03  2.59664000E+03
    7 14 14  2.08114000E-03  2.34242000E+03
    7 14 15  6.76159000E-03  2.61646000E+03
    7 14 16  5.62987000E-03  2.62266000E+03
    7 15 15  1.08185000E-03  2.89050000E+03
    7 15 16  2.83650000E-02  2.89670000E+03
    7 16 16  1.12291000E-02  2.90290000E+03
    8 11  0  2.03840000E-03  1.95920000E+03
    8 12  0  2.01030000E-04  2.09854000E+03
    8 15  0  3.68349000E-02  2.60800000E+03
    8 18  0  5.00849000E-04  2.66777000E+03
    8 19  0  4.95599000E-05  2.69598000E+03
    8 25  0  2.25450000E-05  2.79325000E+03
    8 26  0  1.92700000E-06  2.79606000E+03
    8 10 10  2.19265000E-05  8.60220000E+02
    8 10 11  1.08543000E-03  9.87560000E+02
    8 10 12  8.64129000E-04  1.12690000E+03
    8 10 13  3.28337000E-02  1.33630000E+03
    8 10 14  3.80017000E-03  1.36232000E+03
    8 10 15  1.55148000E-02  1.63636000E+03
    8 10 16  4.09319000E-03  1.64256000E+03
    8 11 11  6.23902000E-04  1.11490000E+03
    8 11 12  4.25049000E-03  1.25424000E+03
    8 11 13  2.94888000E-02  1.46364000E+03
    8 11 14  1.99331000E-03  1.48966000E+03
    8 11 15  1.03814000E-02  1.76370000E+03
    8 11 16  5.26734000E-03  1.76990000E+03
    8 12 12  1.49994000E-03  1.39358000E+03
    8 12 13  5.86962000E-02  1.60298000E+03
    8 12 14  2.22857000E-03  1.62900000E+03
    8 12 15  2.98695000E-03  1.90304000E+03
    8 12 16  2.01624000E-03  1.90924000E+03
    8 13 13  5.30956000E-02  1.81238000E+03
    8 13 14  1.05080000E-01  1.83840000E+03
    8 13 15  5.85900000E-02  2.11244000E+03
    8 13 16  7.04601000E-02  2.11864000E+03
    8 14 14  1.67634000E-03  1.86442000E+03
    8 14 15  6.66584000E-02  2.13846000E+03
    8 14 16  3.30193000E-03  2.14466000E+03
    8 15 15  6.36398000E-02  2.41250000E+03
    8 15 16  1.83782000E-01  2.41870000E+03
    8 16 16  3.66231000E-03  2.42490000E+03
    9 12  0  1.52230000E-03  1.98014000E+03
    9 15  0  1.81680000E-03  2.48960000E+03
    9 16  0  3.55220000E-02  2.49580000E+03
    9 19  0  3.59330000E-04  2.57758000E+03
    9 26  0  1.43110000E-05  2.67766000E+03
    9 10 11  2.47074000E-04  8.69160000E+02
    9 10 12  1.94937000E-03  1.00850000E+03
    9 10 13  3.34916000E-03  1.21790000E+03
    9 10 14  3.59957000E-02  1.24392000E+03
    9 10 15  4.31138000E-03  1.51796000E+03
    9 10 16  1.64455000E-02  1.52416000E+03
    9 11 12  5.38840000E-03  1.13584000E+03
    9 11 13  2.66238000E-04  1.34524000E+03
    9 11 14  3.71764000E-02  1.37126000E+03
    9 11 15  2.23483000E-03  1.64530000E+03
    9 11 16  9.03385000E-03  1.65150000E+03
    9 12 12  3.60231000E-03  1.27518000E+03
    9 12 13  3.42685000E-03  1.48458000E+03
    9 12 14  5.55149000E-02  1.51060000E+03
    9 12 15  2.27407000E-03  1.78464000E+03
    9 12 16  4.21026000E-03  1.79084000E+03
    9 13 13  7.47304000E-04  1.69398000E+03
    9 13 14  7.73577000E-02  1.72000000E+03
    9 13 15  2.95587000E-03  1.99404000E+03
    9 13 16  4.06945000E-02  2.00024000E+03
    9 14 14  8.62289000E-02  1.74602000E+03
    9 14 15  6.44920000E-02  2.02006000E+03
    9 14 16  1.02916000E-01  2.02626000E+03
    9 15 15  5.22917000E-03  2.29410000E+03
    9 15 16  1.66802000E-01  2.30030000E+03
    9 16 16  1.14089000E-01  2.30650000E+03
    1  2 30  2.12478000E-04  7.65060000E+04
    1  3 30  1.35070000E-04  7.71270000E+04
    1  4 30  1.40981000E-04  7.96070000E+04
    1  5 30  3.89740000E-05  8.92964000E+04
    1  6 30  2.66957000E-05  8.95838000E+04
    1  7 30  2.96060000E-05  9.01425000E+04
    1  8 30  2.68317000E-06  9.06205000E+04
    1  9 30  2.72860000E-06  9.07389000E+04
    1 10 30  9.68702000E-06  9.24524000E+04
    1 11 30  6.54892000E-06  9.25797000E+04
    1 12 30  7.10570000E-06  9.27190000E+04
    1 13 30  7.21426000E-07  9.29284000E+04
    1 14 30  7.64022000E-07  9.29545000E+04
    1 30 30  2.59306000E-06  9.34240000E+04
    2  3 30  1.24716000E-02  6.21000000E+02
    2  4 30  1.61176000E-02  3.10100000E+03
    2  5 30  2.65922000E-03  1.27904000E+04
    2  6 30  4.97868000E-04  1.30778000E+04
    2  7 30  6.44901000E-04  1.36365000E+04
    2  8 30  9.52012000E-04  1.41145000E+04
    2  9 30  1.40042000E-03  1.42329000E+04
    2 10 30  4.53758000E-04  1.59464000E+04
    2 11 30  1.21157000E-04  1.60737000E+04
    2 12 30  1.56824000E-04  1.62130000E+04
    2 13 30  1.76182000E-04  1.64224000E+04
    2 14 30  2.56118000E-04  1.64485000E+04
    2 15 30  3.13535000E-05  1.67225000E+04
    2 16 30  4.51906000E-05  1.67287000E+04
    2 30 30  1.48844000E-04  1.69180000E+04
    3  4 30  1.56478000E-02  2.48000000E+03
    3  5 30  7.93936000E-04  1.21694000E+04
    3  6 30  7.01917000E-03  1.24568000E+04
    3  7 30  2.37571000E-03  1.30155000E+04
    3  8 30  5.23557000E-03  1.34935000E+04
    3  9 30  2.97512000E-03  1.36119000E+04
    3 10 30  1.99677000E-04  1.53254000E+04
    3 11 30  1.17684000E-03  1.54527000E+04
    3 12 30  5.51829000E-04  1.55920000E+04
    3 13 30  9.37296000E-04  1.58014000E+04
    3 14 30  6.25879000E-04  1.58275000E+04
    3 15 30  5.71739000E-05  1.61015000E+04
    3 16 30  6.67024000E-05  1.61077000E+04
    3 30 30  2.88221000E-04  1.62970000E+04
    4  5 30  7.28198000E-04  9.68940000E+03
    4  6 30  1.33223000E-03  9.97680000E+03
    4  7 30  8.78561000E-03  1.05355000E+04
    4  8 30  3.78884000E-03  1.10135000E+04
    4  9 30  8.58965000E-03  1.11319000E+04
    4 10 30  1.84649000E-04  1.28454000E+04
    4 11 30  3.02705000E-04  1.29727000E+04
    4 12 30  1.50176000E-03  1.31120000E+04
    4 13 30  7.26458000E-04  1.33214000E+04
    4 14 30  1.47802000E-03  1.33475000E+04
    4 15 30  1.12090000E-04  1.36215000E+04
    4 16 30  1.36211000E-04  1.36277000E+04
    4 30 30  3.96469000E-04  1.38170000E+04
    5  6 30  1.15100000E-01  2.87400000E+02
    5  7 30  9.55022000E-02  8.46100000E+02
    5  8 30  8.41101000E-03  1.32410000E+03
    5  9 30  1.09412000E-02  1.44250000E+03
    5 10 30  5.78232000E-03  3.15596000E+03
    5 11 30  8.32644000E-04  3.28330000E+03
    5 12 30  1.60245000E-03  3.42264000E+03
    5 13 30  1.39152000E-03  3.63204000E+03
    5 14 30  2.02132000E-03  3.65806000E+03
    5 15 30  1.30276000E-03  3.93210000E+03
    5 16 30  1.80415000E-03  3.93830000E+03
    5 30 30  1.04131000E-03  4.12760000E+03
    6  7 30  3.39887000E-02  5.58700000E+02
    6  8 30  8.32059000E-02  1.03670000E+03
    6  9 30  1.01735000E-02  1.15510000E+03
    6 10 30  2.10348000E-03  2.86856000E+03
    6 11 30  1.75455000E-02  2.99590000E+03
    6 12 30  3.79084000E-03  3.13524000E+03
    6 13 30  3.73058000E-03  3.34464000E+03
    6 14 30  5.54130000E-03  3.37066000E+03
    6 15 30  3.92594000E-03  3.64470000E+03
    6 16 30  3.62019000E-03  3.65090000E+03
    6 30 30  2.59326000E-03  3.84020000E+03
    7  8 30  3.54316000E-02  4.78000000E+02
    7  9 30  7.19894000E-02  5.96400000E+02
    7 10 30  2.04316000E-03  2.30986000E+03
    7 11 30  2.60422000E-03  2.43720000E+03
    7 12 30  2.19248000E-02  2.57654000E+03
    7 13 30  4.63701000E-03  2.78594000E+03
    7 14 30  6.55431000E-03  2.81196000E+03
    7 15 30  4.75896000E-03  3.08600000E+03
    7 16 30  7.65977000E-03  3.09220000E+03
    7 30 30  3.33546000E-03  3.28150000E+03
    8  9 30  6.33729000E-02  1.18400000E+02
    8 10 30  3.74353000E-03  1.83186000E+03
    8 11 30  3.96068000E-03  1.95920000E+03
    8 12 30  6.85898000E-03  2.09854000E+03
    8 13 30  5.05435000E-02  2.30794000E+03
    8 14 30  1.12722000E-02  2.33396000E+03
    8 15 30  2.01278000E-02  2.60800000E+03
    8 16 30  7.61668000E-03  2.61420000E+03
    8 30 30  5.26112000E-03  2.80350000E+03
    9 10 30  3.89878000E-03  1.71346000E+03
    9 11 30  4.19429000E-03  1.84080000E+03
    9 12 30  7.54159000E-03  1.98014000E+03
    9 13 30  8.22450000E-03  2.18954000E+03
    9 14 30  5.51824000E-02  2.21556000E+03
    9 15 30  7.58896000E-03  2.48960000E+03
    9 16 30  2.19206000E-02  2.49580000E+03
    9 30 30  5.27478000E-03  2.68510000E+03
    10 11  0  4.E-5           14.1
    10 12  0  4.E-5           14.1
    10 13  0  4.E-5           14.1
    10 14  0  4.E-5           14.1
    10 15  0  4.E-5           14.1
    10 16  0  4.E-5           14.1
    10 11	18	0.053	        4
    10 11	19	0.053	        34
    10 11	20	0.053	        102
    10 11	21	0.053	        106
    10	12	15	0.053	88
    10	12	16	0.053	94
    10	12	17	0.053	96
    10	12	18	0.053	140
    10	12	19	0.053	170
    10	12	20	0.053	238
    10	12	21	0.053	242
    10	13	14	5.55E-003	23
    10	13	15	5.55E-003	308
    10	13	16	5.55E-003	315
    10	13	17	5.55E-003	317
    10	13	18	5.55E-003	362
    10	13	19	5.55E-003	392
    10	13	20	5.55E-003	461
    10	13	21	5.55E-003	465
    10	14	14	8.38E-003	49
    10	14	15	8.38E-003	334
    10	14	16	8.38E-003	340
    10	14	17	8.38E-003	342
    10	14	18	8.38E-003	386
    10	14	19	8.38E-003	416
    10	14	20	8.38E-003	484
    10	14	21	8.38E-003	488
    10	15	15	0.022	619
    10	15	16	0.022	625
    10	15	17	0.022	627
    10	15	18	0.022	671
    10	15	19	0.022	701
    10	15	20	0.022	769
    10	15	21	0.022	773
    10	16	16	0.026	631
    10	16	17	0.026	633
    10	16	18	0.026	677
    10	16	19	0.026	707
    10	16	20	0.026	775
    10	16	21	0.026	779
    10	12	15	0.053	88
    10	12	16	0.053	94
    10	12	17	0.053	96
    10	12	18	0.053	140
    10	12	19	0.053	170
    10	12	20	0.053	238
    10	12	21	0.053	242
    10	13	14	5.55E-003	23
    10	13	15	5.55E-003	308
    10	13	16	5.55E-003	315
    10	13	17	5.55E-003	317
    10	13	18	5.55E-003	362
    10	13	19	5.55E-003	392
    10	13	20	5.55E-003	461
    10	13	21	5.55E-003	465
    10	14	14	8.38E-003	49
    10	14	15	8.38E-003	334
    10	14	16	8.38E-003	340
    10	14	17	8.38E-003	342
    10	14	18	8.38E-003	386
    10	14	19	8.38E-003	416
    10	14	20	8.38E-003	484
    10	14	21	8.38E-003	488
    10	15	15	0.022	619
    10	15	16	0.022	625
    10	15	17	0.022	627
    10	15	18	0.022	671
    10	15	19	0.022	701
    10	15	20	0.022	769
    10	15	21	0.022	773
    10	16	16	0.026	631
    10	16	17	0.026	633
    10	16	18	0.026	677
    10	16	19	0.026	707
    10	16	20	0.026	775
    10	16	21	0.026	779
    10 30 30  0.021           10
    11 12  0  3.8E-5          13.9
    11 13  0  3.8E-5          13.9
    11 14  0  3.8E-5          13.9
    11 15  0  3.8E-5          13.9
    11 16  0  3.8E-5          13.9
    11	12	18	0.027	4
    11	12	19	0.027	34
    11	12	20	0.027	102
    11	12	21	0.027	106
    11	13	15	0.062	172
    11	13	16	0.062	178
    11	13	17	0.062	180
    11	13	18	0.062	224
    11	13	19	0.062	254
    11	13	20	0.062	322
    11	13	21	0.062	326
    11	14	15	0.0106	198
    11	14	16	0.0106	204
    11	14	17	0.0106	206
    11	14	18	0.0106	250
    11	14	19	0.0106	280
    11	14	20	0.0106	348
    11	14	21	0.0106	352
    11	15	15	0.0276	483
    11	15	16	0.0276	489
    11	15	17	0.0276	491
    11	15	18	0.0276	535
    11	15	19	0.0276	565
    11	15	20	0.0276	633
    11	15	21	0.0276	637
    11	16	16	0.032	495
    11	16	17	0.032	497
    11	16	18	0.032	541
    11	16	19	0.032	571
    11	16	20	0.032	639
    11	16	21	0.032	643
    11  30  30  0.028    10
    12 13  0  3.5E-5          11.9
    12 14  0  3.5E-5          11.9
    12 15  0  3.5E-5          11.9
    12 16  0  3.5E-5          11.9
    12	13	15	0.014	36
    12	13	16	0.014	42
    12	13	17	0.014	44
    12	13	18	0.014	88
    12	13	19	0.014	118
    12	13	20	0.014	186
    12	13	21	0.014	190
    12	14	15	0.066	62
    12	14	16	0.066	68
    12	14	17	0.066	70
    12	14	18	0.066	114
    12	14	19	0.066	144
    12	14	20	0.066	212
    12	14	21	0.066	216
    12	15	15	0.0314	347
    12	15	16	0.0314	353
    12	15	17	0.0314	355
    12	15	18	0.0314	399
    12	15	19	0.0314	429
    12	15	20	0.0314	497
    12	15	21	0.0314	501
    12	16	16	0.0366	359
    12	16	17	0.0366	361
    12	16	18	0.0366	405
    12	16	19	0.0366	435
    12	16	20	0.0366	503
    12	16	21	0.0366	507
    12  30  30  0.033    10
    13 14  0  7.66E-5         7.56
    13 15  0  7.66E-5         7.56
    13 16  0  7.66E-5         7.56
    13	15	15	0.071	127
    13	15	16	0.071	133
    13	15	17	0.071	135
    13	15	18	0.071	179
    13	15	19	0.071	209
    13	15	20	0.071	277
    13	15	21	0.071	281
    13	16	16	0.083	139
    13	16	17	0.083	141
    13	16	18	0.083	185
    13	16	19	0.083	215
    13	16	20	0.083	283
    13	16	21	0.083	287    
    13 30 30  0.048     10
    14 15  0  7.66E-5         7.54
    14 16  0  7.66E-5         7.54
    14	15	15	0.071	101
    14	15	16	0.071	107
    14	15	17	0.071	109
    14	15	18	0.071	153
    14	15	19	0.071	183
    14	15	20	0.071	251
    14	15	21	0.071	255
    14	16	16	0.083	113
    14	16	17	0.083	115
    14	16	18	0.083	159
    14	16	19	0.083	189
    14	16	20	0.083	257
    14	16	21	0.083	261
    14  30  30  0.048   10
