21
   1	1s      2   90526
   2	2s      2   16388
   3	2p1/2	2   15711
   4	2p3/2	4   13419
   5	3s      2   3999
   6	3p1/2	2   3696
   7	3p3/2	4   3177
   8	3d3/2	4   2688
   9    3d5/2	6   2580
   10	4s      2   939
   11	4p1/2	2   805.2
   12	4p3/2	4   678.8
   13	4d3/2	2   464
   14	4d5/2	2   440.1
   15	4f5/2	2   162.3
   16	4f7/2	2   157
   17	5s      2   159.3
   18	5p1/2	2   119
   19	5p3/2	2   92.6
   20	5d3/2	2   26.9
   21	5d5/2	2   23.8
   1  3  0  2.82810000E-01  7.48162000E+04
   1  4  0  4.72910000E-01  7.71092000E+04
   1  6  0  5.28820000E-02  8.68357000E+04
   1  7  0  1.02490000E-01  8.73441000E+04
   1  8  0  1.48030000E-03  8.78622000E+04
   1  9  0  1.78200000E-03  8.78622000E+04
   1 11  0  1.26800000E-02  8.97317000E+04
   1 12  0  2.49800000E-02  8.98618000E+04
   1 13  0  3.98030000E-04  9.01100000E+04
   1 14  0  4.78580000E-04  9.01100000E+04
   1 18  0  2.95940000E-03  9.07089000E+04
   1 19  0  5.69621000E-03  9.07345000E+04
   1 20  0  5.54281000E-05  9.07966000E+04
   1 21  0  6.51581000E-05  9.07998000E+04
   1 25  0  1.19860000E-04  9.08234000E+04
   1 26  0  1.92300000E-04  9.08256000E+04
   1  2  2  4.14149000E-03  5.80800000E+04
   1  2  3  6.71230000E-03  5.86880000E+04
   1  2  4  3.50886000E-03  6.10310000E+04
   1  2  5  1.67712000E-03  7.04821000E+04
   1  2  6  1.45261000E-03  7.07633000E+04
   1  2  7  8.28439000E-04  7.12891000E+04
   1  2  8  7.03356000E-05  7.17580000E+04
   1  2  9  5.12118000E-05  7.18700000E+04
   1  2 10  4.24565000E-04  7.35326000E+04
   1  2 11  3.59713000E-04  7.36566000E+04
   1  2 12  2.04981000E-04  7.37868000E+04
   1  2 13  1.87945000E-05  7.39911000E+04
   1  2 14  1.34791000E-05  7.40154000E+04
   1  2 15  4.74630000E-08  7.42821000E+04
   1  2 16  4.74630000E-08  7.42878000E+04
   1  3  3  3.44309000E-04  5.92960000E+04
   1  3  4  6.11717000E-03  6.16390000E+04
   1  3  5  1.18325000E-03  7.10901000E+04
   1  3  6  1.30762000E-04  7.13713000E+04
   1  3  7  1.20966000E-03  7.18971000E+04
   1  3  8  7.22398000E-05  7.23660000E+04
   1  3  9  1.85212000E-04  7.24780000E+04
   1  3 10  2.90197000E-04  7.41406000E+04
   1  3 11  3.14204000E-05  7.42646000E+04
   1  3 12  2.87305000E-04  7.43948000E+04
   1  3 13  1.85103000E-05  7.45991000E+04
   1  3 14  4.77007000E-05  7.46234000E+04
   1  3 15  5.22107000E-07  7.48901000E+04
   1  3 16  8.06877000E-07  7.48958000E+04
   1  4  4  2.61009000E-03  6.39820000E+04
   1  4  5  5.59384000E-04  7.34331000E+04
   1  4  6  1.09201000E-03  7.37143000E+04
   1  4  7  1.06638000E-03  7.42401000E+04
   1  4  8  2.05093000E-04  7.47090000E+04
   1  4  9  1.69628000E-04  7.48210000E+04
   1  4 10  1.33945000E-04  7.64836000E+04
   1  4 11  2.59193000E-04  7.66076000E+04
   1  4 12  2.55497000E-04  7.67378000E+04
   1  4 13  5.32052000E-05  7.69421000E+04
   1  4 14  4.38561000E-05  7.69664000E+04
   1  4 15  9.01793000E-07  7.72331000E+04
   1  4 16  9.49239000E-07  7.72388000E+04
   1  5  5  1.67017000E-04  8.28842000E+04
   1  5  6  2.56528000E-04  8.31654000E+04
   1  5  7  1.33183000E-04  8.36912000E+04
   1  5  8  1.10114000E-05  8.41601000E+04
   1  5  9  7.49896000E-06  8.42721000E+04
   1  5 10  8.42939000E-05  8.59347000E+04
   1  5 11  6.35499000E-05  8.60587000E+04
   1  5 12  3.30340000E-05  8.61889000E+04
   1  5 13  2.94277000E-06  8.63932000E+04
   1  5 14  1.99330000E-06  8.64175000E+04
   1  6  6  1.20083000E-05  8.34466000E+04
   1  6  7  2.22271000E-04  8.39724000E+04
   1  6  8  1.12963000E-05  8.44413000E+04
   1  6  9  2.48691000E-05  8.45533000E+04
   1  6 10  6.29336000E-05  8.62159000E+04
   1  6 11  5.74291000E-06  8.63399000E+04
   1  6 12  5.31096000E-05  8.64701000E+04
   1  6 13  2.94278000E-06  8.66744000E+04
   1  6 14  6.45503000E-06  8.66987000E+04
   1  6 15  4.74636000E-08  8.69654000E+04
   1  6 16  9.49240000E-08  8.69711000E+04
   1  7  7  1.10073000E-04  8.44982000E+04
   1  7  8  3.36511000E-05  8.49671000E+04
   1  7  9  2.69113000E-05  8.50791000E+04
   1  7 10  3.19430000E-05  8.67417000E+04
   1  7 11  5.30647000E-05  8.68657000E+04
   1  7 12  5.28255000E-05  8.69959000E+04
   1  7 13  8.78083000E-06  8.72002000E+04
   1  7 14  7.02462000E-06  8.72245000E+04
   1  7 15  1.42395000E-07  8.74912000E+04
   1  7 16  1.42395000E-07  8.74969000E+04
   1  8  8  9.49258000E-08  8.54360000E+04
   1  8  9  3.84458000E-06  8.55480000E+04
   1  8 10  2.65798000E-06  8.72106000E+04
   1  8 11  2.61046000E-06  8.73346000E+04
   1  8 12  7.64134000E-06  8.74648000E+04
   1  8 13  4.74645000E-08  8.76691000E+04
   1  8 14  9.49258000E-07  8.76934000E+04
   1  9  9  9.01799000E-07  8.56600000E+04
   1  9 10  1.80360000E-06  8.73226000E+04
   1  9 11  5.50571000E-06  8.74466000E+04
   1  9 12  6.07519000E-06  8.75768000E+04
   1  9 13  9.49245000E-07  8.77811000E+04
   1  9 14  4.74639000E-07  8.78054000E+04
   1 10 10  1.06316000E-05  8.89851000E+04
   1 10 11  1.56148000E-05  8.91091000E+04
   1 10 12  7.92645000E-06  8.92394000E+04
   1 10 13  7.11929000E-07  8.94436000E+04
   1 10 14  4.74641000E-07  8.94680000E+04
   1 11 11  6.64466000E-07  8.92331000E+04
   1 11 12  1.26724000E-05  8.93634000E+04
   1 11 13  6.64466000E-07  8.95676000E+04
   1 11 14  1.42391000E-06  8.95920000E+04
   1 12 12  6.27830000E-06  8.94937000E+04
   1 12 13  1.96774000E-06  8.96979000E+04
   1 12 14  1.54615000E-06  8.97222000E+04
   1 12 15  4.68546000E-08  8.99890000E+04
   1 12 16  4.68546000E-08  8.99947000E+04
   1 13 14  2.37308000E-07  8.99264000E+04
   1 14 14  5.01368000E-08  8.99508000E+04
   2  3  0  1.18120000E-05  6.08000000E+02
   2  4  0  3.32370000E-03  2.95100000E+03
   2  6  0  3.46070000E-02  1.26914000E+04
   2  7  0  3.70550000E-02  1.32100000E+04
   2  8  0  1.28210000E-03  1.36989000E+04
   2  9  0  1.91790000E-03  1.38068000E+04
   2 11  0  8.95660000E-03  1.55825000E+04
   2 12  0  1.04990000E-02  1.57105000E+04
   2 13  0  1.99110000E-04  1.59050000E+04
   2 14  0  3.15490000E-04  1.59508000E+04
   2 18  0  1.80350000E-03  1.62529000E+04
   2 19  0  2.08580000E-03  1.62785000E+04
   2 20  0  2.48950000E-05  1.63406000E+04
   2 21  0  3.91230000E-05  1.63438000E+04
   2 25  0  8.60050000E-05  1.63674000E+04
   2 26  0  8.34250000E-05  1.63697000E+04
   2  3 13  4.65666000E-03  1.43050000E+02
   2  3 14  6.16915000E-03  1.67390000E+02
   2  3 15  1.40990000E-02  4.34130000E+02
   2  3 16  1.86836000E-02  4.39830000E+02
   2  4  8  2.33072000E-01  2.53000000E+02
   2  4  9  2.92387000E-01  3.65000000E+02
   2  4 10  1.85206000E-02  2.02757000E+03
   2  4 11  7.32957000E-03  2.15157000E+03
   2  4 12  1.09852000E-02  2.28184000E+03
   2  4 13  3.10826000E-02  2.48605000E+03
   2  4 14  3.68251000E-02  2.51039000E+03
   2  4 15  2.14603000E-02  2.77713000E+03
   2  4 16  2.66939000E-02  2.78283000E+03
   2  5  5  5.20847000E-03  8.42820000E+03
   2  5  6  1.07421000E-02  8.70940000E+03
   2  5  7  1.66946000E-02  9.23520000E+03
   2  5  8  1.22950000E-02  9.70410000E+03
   2  5  9  1.56597000E-02  9.81610000E+03
   2  5 10  2.24411000E-03  1.14787000E+04
   2  5 11  2.62748000E-03  1.16027000E+04
   2  5 12  4.03146000E-03  1.17329000E+04
   2  5 13  2.72107000E-03  1.19372000E+04
   2  5 14  3.43891000E-03  1.19615000E+04
   2  5 15  2.29890000E-04  1.22282000E+04
   2  5 16  2.50629000E-04  1.22339000E+04
   2  6  6  1.97716000E-05  8.99060000E+03
   2  6  7  2.09735000E-04  9.51640000E+03
   2  6  8  6.68164000E-04  9.98530000E+03
   2  6  9  5.33323000E-03  1.00973000E+04
   2  6 10  1.82448000E-03  1.17599000E+04
   2  6 11  2.71381000E-06  1.18839000E+04
   2  6 12  4.24510000E-05  1.20141000E+04
   2  6 13  1.29301000E-04  1.22184000E+04
   2  6 14  7.50341000E-04  1.22427000E+04
   2  6 15  8.47077000E-05  1.25094000E+04
   2  6 16  2.94629000E-04  1.25151000E+04
   2  7  7  5.71631000E-04  1.00422000E+04
   2  7  8  1.74689000E-03  1.05111000E+04
   2  7  9  1.06363000E-03  1.06231000E+04
   2  7 10  2.78761000E-03  1.22857000E+04
   2  7 11  5.07866000E-05  1.24097000E+04
   2  7 12  2.09345000E-04  1.25399000E+04
   2  7 13  1.59920000E-04  1.27442000E+04
   2  7 14  7.83112000E-05  1.27685000E+04
   2  7 15  1.36271000E-04  1.30352000E+04
   2  7 16  1.14173000E-04  1.30409000E+04
   2  8  8  7.18912000E-04  1.09800000E+04
   2  8  9  2.11261000E-02  1.10920000E+04
   2  8 10  1.86763000E-03  1.27546000E+04
   2  8 11  1.96743000E-04  1.28786000E+04
   2  8 12  4.70830000E-04  1.30088000E+04
   2  8 13  3.10723000E-04  1.32131000E+04
   2  8 14  3.23652000E-03  1.32374000E+04
   2  8 15  2.43649000E-04  1.35041000E+04
   2  8 16  6.70673000E-04  1.35098000E+04
   2  9  9  5.82878000E-03  1.12040000E+04
   2  9 10  2.41411000E-03  1.28666000E+04
   2  9 11  1.15516000E-03  1.29906000E+04
   2  9 12  2.91739000E-04  1.31208000E+04
   2  9 13  3.12998000E-03  1.33251000E+04
   2  9 14  1.88592000E-03  1.33494000E+04
   2  9 15  7.38966000E-04  1.36161000E+04
   2  9 16  5.56730000E-04  1.36218000E+04
   2 10 10  2.27954000E-04  1.45291000E+04
   2 10 11  4.47189000E-04  1.46531000E+04
   2 10 12  6.75533000E-04  1.47834000E+04
   2 10 13  4.15011000E-04  1.49876000E+04
   2 10 14  5.28793000E-04  1.50120000E+04
   2 10 15  2.92699000E-05  1.52787000E+04
   2 10 16  3.04328000E-05  1.52844000E+04
   2 11 12  1.02733000E-05  1.49074000E+04
   2 11 13  3.37276000E-05  1.51116000E+04
   2 11 14  1.69228000E-04  1.51360000E+04
   2 11 15  1.18252000E-05  1.54027000E+04
   2 11 16  4.65227000E-05  1.54084000E+04
   2 12 12  1.84146000E-05  1.50377000E+04
   2 12 13  4.84603000E-05  1.52419000E+04
   2 12 14  2.67499000E-05  1.52662000E+04
   2 12 15  2.83008000E-05  1.55330000E+04
   2 12 16  2.32602000E-05  1.55387000E+04
   2 13 13  3.10146000E-05  1.54461000E+04
   2 13 14  5.25110000E-04  1.54704000E+04
   2 13 15  3.64412000E-05  1.57372000E+04
   2 13 16  7.57887000E-05  1.57429000E+04
   2 14 14  1.63789000E-04  1.54948000E+04
   2 14 15  8.83905000E-05  1.57615000E+04
   2 14 16  7.40432000E-05  1.57672000E+04
   2 15 15  1.08770000E-06  1.60283000E+04
   2 15 16  2.02320000E-05  1.60340000E+04
   2 16 16  4.79406000E-06  1.60397000E+04
   3  4  0  1.24020000E-05  2.34300000E+03
   3  5  0  8.94229000E-03  1.17124000E+04
   3  7  0  3.76200000E-04  1.25345000E+04
   3  8  0  3.27820000E-01  1.30236000E+04
   3 10  0  2.32000000E-03  1.47733000E+04
   3 12  0  1.05370000E-04  1.50318000E+04
   3 13  0  6.76889000E-02  1.52479000E+04
   3 15  0  2.99050000E-04  1.55520000E+04
   3 17  0  5.04370000E-04  1.56011000E+04
   3 19  0  2.13840000E-05  1.56705000E+04
   3 20  0  8.99449000E-03  1.57326000E+04
   3 24  0  7.12399000E-05  1.57503000E+04
   3 26  0  8.34879000E-07  1.57616000E+04
   3  4 10  5.01037000E-03  1.41957000E+03
   3  4 11  3.63688000E-02  1.54357000E+03
   3  4 12  9.88233000E-03  1.67384000E+03
   3  4 13  3.64027000E-02  1.87805000E+03
   3  4 14  1.24713000E-02  1.90239000E+03
   3  4 15  1.53438000E-03  2.16913000E+03
   3  4 16  2.28227000E-03  2.17483000E+03
   3  5  5  5.47962000E-04  7.82020000E+03
   3  5  6  1.95976000E-02  8.10140000E+03
   3  5  7  1.81942000E-03  8.62720000E+03
   3  5  8  3.12560000E-03  9.09610000E+03
   3  5  9  1.70274000E-03  9.20810000E+03
   3  5 10  2.12564000E-04  1.08707000E+04
   3  5 11  3.16403000E-03  1.09947000E+04
   3  5 12  3.93439000E-04  1.11249000E+04
   3  5 13  4.89889000E-04  1.13291000E+04
   3  5 14  2.27748000E-04  1.13535000E+04
   3  5 15  8.79746000E-05  1.16202000E+04
   3  5 16  6.16305000E-05  1.16259000E+04
   3  6  6  2.05440000E-02  8.38260000E+03
   3  6  7  5.15368000E-02  8.90840000E+03
   3  6  8  2.66069000E-02  9.37730000E+03
   3  6  9  3.74259000E-02  9.48930000E+03
   3  6 10  5.07981000E-03  1.11519000E+04
   3  6 11  8.46008000E-03  1.12759000E+04
   3  6 12  1.22145000E-02  1.14061000E+04
   3  6 13  5.89261000E-03  1.16103000E+04
   3  6 14  8.26892000E-03  1.16347000E+04
   3  6 15  4.55519000E-04  1.19014000E+04
   3  6 16  3.92984000E-04  1.19071000E+04
   3  7  7  1.16551000E-03  9.43420000E+03
   3  7  8  2.36986000E-02  9.90310000E+03
   3  7  9  3.46579000E-03  1.00151000E+04
   3  7 10  3.95667000E-04  1.16777000E+04
   3  7 11  8.47209000E-03  1.18017000E+04
   3  7 12  4.74259000E-04  1.19319000E+04
   3  7 13  4.42869000E-03  1.21361000E+04
   3  7 14  6.23868000E-04  1.21605000E+04
   3  7 15  1.82646000E-04  1.24272000E+04
   3  7 16  9.55675000E-05  1.24329000E+04
   3  8  8  2.24585000E-02  1.03720000E+04
   3  8  9  8.89134000E-02  1.04840000E+04
   3  8 10  8.12784000E-04  1.21466000E+04
   3  8 11  4.23725000E-03  1.22706000E+04
   3  8 12  5.19737000E-03  1.24008000E+04
   3  8 13  8.24384000E-03  1.26050000E+04
   3  8 14  1.75954000E-02  1.26294000E+04
   3  8 15  1.58627000E-03  1.28961000E+04
   3  8 16  3.19707000E-03  1.29018000E+04
   3  9  9  4.31972000E-03  1.05960000E+04
   3  9 10  3.55924000E-04  1.22586000E+04
   3  9 11  5.25697000E-03  1.23826000E+04
   3  9 12  6.99761000E-04  1.25128000E+04
   3  9 13  1.33980000E-02  1.27170000E+04
   3  9 14  1.55579000E-03  1.27414000E+04
   3  9 15  6.33255000E-04  1.30081000E+04
   3  9 16  2.42037000E-04  1.30138000E+04
   3 10 10  1.96504000E-05  1.39211000E+04
   3 10 11  8.25250000E-04  1.40451000E+04
   3 10 12  8.61902000E-05  1.41754000E+04
   3 10 13  1.24148000E-04  1.43796000E+04
   3 10 14  4.73356000E-05  1.44040000E+04
   3 10 15  2.00965000E-05  1.46707000E+04
   3 10 16  1.11642000E-05  1.46764000E+04
   3 11 11  8.27924000E-04  1.41691000E+04
   3 11 12  2.01353000E-03  1.42994000E+04
   3 11 13  9.24384000E-04  1.45036000E+04
   3 11 14  1.17271000E-03  1.45280000E+04
   3 11 15  5.93911000E-05  1.47947000E+04
   3 11 16  4.06381000E-05  1.48004000E+04
   3 12 12  4.86783000E-05  1.44297000E+04
   3 12 13  9.78499000E-04  1.46339000E+04
   3 12 14  1.28174000E-04  1.46582000E+04
   3 12 15  3.43866000E-05  1.49250000E+04
   3 12 16  1.65235000E-05  1.49307000E+04
   3 13 13  7.49834000E-04  1.48381000E+04
   3 13 14  2.76296000E-03  1.48624000E+04
   3 13 15  1.99618000E-04  1.51292000E+04
   3 13 16  4.06384000E-04  1.51349000E+04
   3 14 14  1.41565000E-04  1.48868000E+04
   3 14 15  8.66324000E-05  1.51535000E+04
   3 14 16  3.39393000E-05  1.51592000E+04
   3 15 15  4.52728000E-06  1.54203000E+04
   3 15 16  3.25969000E-05  1.54260000E+04
   3 16 16  2.25270000E-06  1.54317000E+04
   4  5  0  1.63541000E-02  9.42043000E+03
   4  6  0  1.76691000E-04  9.72560000E+03
   4  7  0  1.59651000E-04  1.02422000E+04
   4  8  0  2.86032000E-02  1.07311000E+04
   4  9  0  2.51881000E-01  1.08389000E+04
   4 10  0  3.72472000E-03  1.24817000E+04
   4 11  0  3.99312000E-05  1.26152000E+04
   4 12  0  4.11832000E-05  1.27395000E+04
   4 13  0  5.40263000E-03  1.29550000E+04
   4 14  0  4.89093000E-02  1.29800000E+04
   4 15  0  4.52112000E-05  1.32594000E+04
   4 16  0  2.52191000E-04  1.32594000E+04
   4 17  0  8.17274000E-04  1.32581000E+04
   4 18  0  8.37674000E-06  1.33019000E+04
   4 19  0  8.76815000E-06  1.33275000E+04
   4 20  0  7.06844000E-04  1.33896000E+04
   4 21  0  6.29773000E-03  1.33928000E+04
   4 24  0  1.13281000E-04  1.34073000E+04
   4 25  0  3.71132000E-07  1.34164000E+04
   4 26  0  3.20292000E-07  1.34186000E+04
   4  5  5  6.73318000E-04  5.47720000E+03
   4  5  6  3.33092000E-04  5.75840000E+03
   4  5  7  2.05136000E-02  6.28420000E+03
   4  5  8  2.64737000E-03  6.75310000E+03
   4  5  9  4.58174000E-03  6.86510000E+03
   4  5 10  2.63433000E-04  8.52767000E+03
   4  5 11  5.93860000E-05  8.65167000E+03
   4  5 12  3.23861000E-03  8.78194000E+03
   4  5 13  2.82634000E-04  8.98615000E+03
   4  5 14  4.52304000E-04  9.01049000E+03
   4  5 15  2.41119000E-04  9.27723000E+03
   4  5 16  4.23295000E-04  9.28293000E+03
   4  6  6  2.81305000E-05  6.03960000E+03
   4  6  7  3.44288000E-02  6.56540000E+03
   4  6  8  1.59853000E-03  7.03430000E+03
   4  6  9  1.34196000E-02  7.14630000E+03
   4  6 10  6.87643000E-05  8.80887000E+03
   4  6 11  1.60749000E-05  8.93287000E+03
   4  6 12  5.64519000E-03  9.06314000E+03
   4  6 13  3.07210000E-04  9.26735000E+03
   4  6 14  2.13476000E-03  9.29169000E+03
   4  6 15  2.32189000E-04  9.55843000E+03
   4  6 16  5.80029000E-04  9.56413000E+03
   4  7  7  4.31018000E-02  7.09120000E+03
   4  7  8  4.51464000E-02  7.56010000E+03
   4  7  9  6.05424000E-02  7.67210000E+03
   4  7 10  5.23524000E-03  9.33467000E+03
   4  7 11  7.88413000E-03  9.45867000E+03
   4  7 12  1.71221000E-02  9.58894000E+03
   4  7 13  9.39747000E-03  9.79315000E+03
   4  7 14  1.24372000E-02  9.81749000E+03
   4  7 15  8.55101000E-04  1.00842000E+04
   4  7 16  1.05071000E-03  1.00899000E+04
   4  8  8  6.20562000E-03  8.02900000E+03
   4  8  9  1.16070000E-01  8.14100000E+03
   4  8 10  6.38966000E-04  9.80357000E+03
   4  8 11  3.87138000E-04  9.92757000E+03
   4  8 12  6.73269000E-03  1.00578000E+04
   4  8 13  2.19107000E-03  1.02620000E+04
   4  8 14  1.71443000E-02  1.02864000E+04
   4  8 15  4.69741000E-04  1.05531000E+04
   4  8 16  1.59047000E-03  1.05588000E+04
   4  9  9  7.71854000E-02  8.25300000E+03
   4  9 10  1.12114000E-03  9.91557000E+03
   4  9 11  2.78395000E-03  1.00396000E+04
   4  9 12  1.01718000E-02  1.01698000E+04
   4  9 13  2.07078000E-02  1.03740000E+04
   4  9 14  2.60946000E-02  1.03984000E+04
   4  9 15  4.96097000E-03  1.06651000E+04
   4  9 16  4.50834000E-03  1.06708000E+04
   4 10 10  2.63450000E-05  1.15781000E+04
   4 10 11  1.29496000E-05  1.17021000E+04
   4 10 12  8.26536000E-04  1.18324000E+04
   4 10 13  7.41263000E-05  1.20366000E+04
   4 10 14  1.18782000E-04  1.20610000E+04
   4 10 15  3.21514000E-05  1.23277000E+04
   4 10 16  6.38550000E-05  1.23334000E+04
   4 11 11  8.92999000E-07  1.18261000E+04
   4 11 12  1.28466000E-03  1.19564000E+04
   4 11 13  6.96557000E-05  1.21606000E+04
   4 11 14  4.74207000E-04  1.21850000E+04
   4 11 15  3.43812000E-05  1.24517000E+04
   4 11 16  8.12625000E-05  1.24574000E+04
   4 12 12  1.62669000E-03  1.20867000E+04
   4 12 13  1.40474000E-03  1.22909000E+04
   4 12 14  2.05796000E-03  1.23152000E+04
   4 12 15  1.04927000E-04  1.25820000E+04
   4 12 16  1.35738000E-04  1.25877000E+04
   4 13 13  1.85760000E-04  1.24951000E+04
   4 13 14  3.19837000E-03  1.25194000E+04
   4 13 15  5.53678000E-05  1.27862000E+04
   4 13 16  1.77712000E-04  1.27919000E+04
   4 14 14  2.22460000E-03  1.25438000E+04
   4 14 15  5.74600000E-04  1.28105000E+04
   4 14 16  5.13702000E-04  1.28162000E+04
   4 15 15  2.36790000E-06  1.30773000E+04
   4 15 16  7.24602000E-05  1.30830000E+04
   4 16 16  2.41136000E-05  1.30887000E+04
   5  6  0  1.02441000E-05  2.81200000E+02
   5  7  0  5.36543000E-04  8.07000000E+02
   5 11  0  1.67191000E-03  3.18500000E+03
   5 12  0  1.24441000E-03  3.31500000E+03
   5 18  0  3.73512000E-04  3.85078000E+03
   5 19  0  3.00142000E-04  3.87644000E+03
   5 25  0  1.77451000E-05  3.96530000E+03
   5 26  0  1.19811000E-05  3.96755000E+03
   5  6 15  2.54802000E-02  1.07330000E+02
   5  6 16  3.42967000E-02  1.13030000E+02
   5  7 12  5.58286000E-02  1.37840000E+02
   5  7 13  1.68029000E-02  3.42050000E+02
   5  7 14  2.98032000E-02  3.66390000E+02
   5  7 15  1.79457000E-01  6.33130000E+02
   5  7 16  2.21200000E-01  6.38830000E+02
   5  8 10  2.55145000E-02  3.52470000E+02
   5  8 11  5.53523000E-03  4.76470000E+02
   5  8 12  7.20188000E-03  6.06740000E+02
   5  8 13  8.78594000E-03  8.10950000E+02
   5  8 14  1.08040000E-02  8.35290000E+02
   5  8 15  9.18051000E-03  1.10203000E+03
   5  8 16  8.49065000E-03  1.10773000E+03
   5  9 10  3.54584000E-02  4.64470000E+02
   5  9 11  9.22950000E-04  5.88470000E+02
   5  9 12  1.11497000E-02  7.18740000E+02
   5  9 13  1.21641000E-02  9.22950000E+02
   5  9 14  1.71686000E-02  9.47290000E+02
   5  9 15  1.05101000E-02  1.21403000E+03
   5  9 16  1.62591000E-02  1.21973000E+03
   5 10 10  2.41699000E-03  2.12704000E+03
   5 10 11  4.23039000E-03  2.25104000E+03
   5 10 12  6.91372000E-03  2.38131000E+03
   5 10 13  8.07689000E-03  2.58552000E+03
   5 10 14  1.13384000E-02  2.60986000E+03
   5 10 15  5.82121000E-03  2.87660000E+03
   5 10 16  7.28885000E-03  2.88230000E+03
   5 11 11  1.76448000E-04  2.37504000E+03
   5 11 12  5.19142000E-04  2.50531000E+03
   5 11 13  2.67042000E-04  2.70952000E+03
   5 11 14  1.45838000E-04  2.73386000E+03
   5 11 15  3.64140000E-05  3.00060000E+03
   5 11 16  4.61959000E-04  3.00630000E+03
   5 12 12  5.81409000E-04  2.63558000E+03
   5 12 13  6.00778000E-04  2.83979000E+03
   5 12 14  1.38087000E-03  2.86413000E+03
   5 12 15  6.59512000E-04  3.13087000E+03
   5 12 16  1.09985000E-03  3.13657000E+03
   5 13 13  9.66075000E-05  3.04400000E+03
   5 13 14  3.51999000E-04  3.06834000E+03
   5 13 15  4.42990000E-04  3.33508000E+03
   5 13 16  2.93267000E-03  3.34078000E+03
   5 14 14  2.38376000E-04  3.09268000E+03
   5 14 15  2.70738000E-03  3.35942000E+03
   5 14 16  1.65098000E-03  3.36512000E+03
   5 15 15  6.03752000E-04  3.62616000E+03
   5 15 16  4.02006000E-03  3.63186000E+03
   5 16 16  1.36544000E-03  3.63756000E+03
   6  8  0  1.12521000E-03  9.94700000E+02
   6 10  0  7.79744000E-04  2.76927000E+03
   6 13  0  4.13682000E-03  3.23400000E+03
   6 17  0  1.74831000E-04  3.52584000E+03
   6 20  0  6.48994000E-04  3.65733000E+03
   6 24  0  2.42851000E-05  3.67501000E+03
   6  7 15  2.84277000E-02  3.51930000E+02
   6  7 16  2.55248000E-02  3.57630000E+02
   6  8 11  4.94329000E-02  1.95270000E+02
   6  8 12  4.38844000E-02  3.25540000E+02
   6  8 13  1.80232000E-02  5.29750000E+02
   6  8 14  2.31801000E-02  5.54090000E+02
   6  8 15  1.42623000E-01  8.20830000E+02
   6  8 16  2.20918000E-01  8.26530000E+02
   6  9 10  7.67888000E-03  1.83270000E+02
   6  9 11  5.58132000E-02  3.07270000E+02
   6  9 12  4.80160000E-03  4.37540000E+02
   6  9 13  1.10867000E-03  6.41750000E+02
   6  9 14  2.71264000E-03  6.66090000E+02
   6  9 15  6.17840000E-03  9.32830000E+02
   6  9 16  4.12714000E-03  9.38530000E+02
   6 10 10  7.15582000E-04  1.84584000E+03
   6 10 11  1.05764000E-02  1.96984000E+03
   6 10 12  1.43491000E-03  2.10011000E+03
   6 10 13  3.67358000E-04  2.30432000E+03
   6 10 14  1.23232000E-03  2.32866000E+03
   6 10 15  4.90126000E-05  2.59540000E+03
   6 10 16  8.91555000E-04  2.60110000E+03
   6 11 11  8.16342000E-03  2.09384000E+03
   6 11 12  2.27237000E-02  2.22411000E+03
   6 11 13  2.27285000E-02  2.42832000E+03
   6 11 14  3.60689000E-02  2.45266000E+03
   6 11 15  1.34927000E-02  2.71940000E+03
   6 11 16  2.25451000E-02  2.72510000E+03
   6 12 12  6.05827000E-04  2.35438000E+03
   6 12 13  1.48055000E-03  2.55859000E+03
   6 12 14  1.30877000E-03  2.58293000E+03
   6 12 15  9.14693000E-03  2.84967000E+03
   6 12 16  2.52582000E-03  2.85537000E+03
   6 13 13  7.95844000E-04  2.76280000E+03
   6 13 14  1.84935000E-03  2.78714000E+03
   6 13 15  9.85799000E-04  3.05388000E+03
   6 13 16  1.65188000E-03  3.05958000E+03
   6 14 14  4.76109000E-04  2.81148000E+03
   6 14 15  2.71512000E-03  3.07822000E+03
   6 14 16  6.30116000E-04  3.08392000E+03
   6 15 15  3.37643000E-03  3.34496000E+03
   6 15 16  2.16430000E-02  3.35066000E+03
   6 16 16  1.13335000E-03  3.35636000E+03
   7  8  0  1.48011000E-05  4.68900000E+02
   7  9  0  2.68661000E-04  5.80900000E+02
   7 10  0  1.46431000E-03  2.23900000E+03
   7 13  0  7.12362000E-04  2.71200000E+03
   7 14  0  5.47702000E-03  2.73500000E+03
   7 17  0  3.17151000E-04  3.02100000E+03
   7 20  0  1.03570000E-04  3.15300000E+03
   7 21  0  7.94993000E-04  3.15300000E+03
   7 24  0  4.38502000E-05  3.14921000E+03
   7  8 15  1.68262000E-02  2.95030000E+02
   7  8 16  2.45429000E-02  3.00730000E+02
   7  9 13  4.83989000E-02  1.15950000E+02
   7  9 14  6.58564000E-02  1.40290000E+02
   7  9 15  1.85177000E-01  4.07030000E+02
   7  9 16  2.23748000E-01  4.12730000E+02
   7 10 10  3.15758000E-04  1.32004000E+03
   7 10 11  6.60524000E-04  1.44404000E+03
   7 10 12  1.27651000E-02  1.57431000E+03
   7 10 13  7.57913000E-04  1.77852000E+03
   7 10 14  9.18227000E-04  1.80286000E+03
   7 10 15  1.80947000E-03  2.06960000E+03
   7 10 16  3.18652000E-03  2.07530000E+03
   7 11 11  2.40978000E-05  1.56804000E+03
   7 11 12  1.57844000E-02  1.69831000E+03
   7 11 13  3.41813000E-04  1.90252000E+03
   7 11 14  3.33654000E-03  1.92686000E+03
   7 11 15  1.68056000E-03  2.19360000E+03
   7 11 16  9.08894000E-03  2.19930000E+03
   7 12 12  2.06998000E-02  1.82858000E+03
   7 12 13  3.03036000E-02  2.03279000E+03
   7 12 14  3.95788000E-02  2.05713000E+03
   7 12 15  2.64405000E-02  2.32387000E+03
   7 12 16  3.02624000E-02  2.32957000E+03
   7 13 13  1.99687000E-04  2.23700000E+03
   7 13 14  4.80179000E-03  2.26134000E+03
   7 13 15  7.18067000E-04  2.52808000E+03
   7 13 16  8.37421000E-03  2.53378000E+03
   7 14 14  2.11090000E-03  2.28568000E+03
   7 14 15  6.78612000E-03  2.55242000E+03
   7 14 16  5.66279000E-03  2.55812000E+03
   7 15 15  1.07215000E-03  2.81916000E+03
   7 15 16  2.81484000E-02  2.82486000E+03
   7 16 16  1.11371000E-02  2.83056000E+03
   8 11  0  2.02959000E-03  1.88300000E+03
   8 12  0  2.01549000E-04  2.01200000E+03
   8 15  0  3.48728000E-02  2.52550000E+03
   8 18  0  4.98248000E-04  2.57100000E+03
   8 19  0  4.97658000E-05  2.60054000E+03
   8 25  0  1.39629000E-05  2.70000000E+03
   8 26  0  1.18269000E-06  2.70000000E+03
   8 10 10  2.38570000E-05  8.51140000E+02
   8 10 11  1.13580000E-03  9.75140000E+02
   8 10 12  8.89966000E-04  1.10541000E+03
   8 10 13  3.36889000E-02  1.30962000E+03
   8 10 14  3.88248000E-03  1.33396000E+03
   8 10 15  1.55442000E-02  1.60070000E+03
   8 10 16  4.16262000E-03  1.60640000E+03
   8 11 11  6.57643000E-04  1.09914000E+03
   8 11 12  4.40437000E-03  1.22941000E+03
   8 11 13  3.02276000E-02  1.43362000E+03
   8 11 14  2.07561000E-03  1.45796000E+03
   8 11 15  1.02859000E-02  1.72470000E+03
   8 11 16  5.17401000E-03  1.73040000E+03
   8 12 12  1.55592000E-03  1.35968000E+03
   8 12 13  6.03586000E-02  1.56389000E+03
   8 12 14  2.29024000E-03  1.58823000E+03
   8 12 15  3.12530000E-03  1.85497000E+03
   8 12 16  2.06515000E-03  1.86067000E+03
   8 13 13  5.44386000E-02  1.76810000E+03
   8 13 14  1.07858000E-01  1.79244000E+03
   8 13 15  5.91734000E-02  2.05918000E+03
   8 13 16  7.13678000E-02  2.06488000E+03
   8 14 14  1.71868000E-03  1.81678000E+03
   8 14 15  6.69190000E-02  2.08352000E+03
   8 14 16  3.33993000E-03  2.08922000E+03
   8 15 15  6.33675000E-02  2.35026000E+03
   8 15 16  1.83071000E-01  2.35596000E+03
   8 16 16  3.58400000E-03  2.36166000E+03
   9 12  0  1.52409000E-03  1.90100000E+03
   9 15  0  1.72439000E-03  2.41700000E+03
   9 16  0  3.36987000E-02  2.42260000E+03
   9 19  0  3.66307000E-04  2.48854000E+03
   9 26  0  8.75463000E-06  2.57965000E+03
   9 10 11  2.52425000E-04  8.63140000E+02
   9 10 12  2.01201000E-03  9.93410000E+02
   9 10 13  3.39666000E-03  1.19762000E+03
   9 10 14  3.67964000E-02  1.22196000E+03
   9 10 15  4.35380000E-03  1.48870000E+03
   9 10 16  1.64618000E-02  1.49440000E+03
   9 11 12  5.50186000E-03  1.11741000E+03
   9 11 13  2.73360000E-04  1.32162000E+03
   9 11 14  3.80394000E-02  1.34596000E+03
   9 11 15  2.22871000E-03  1.61270000E+03
   9 11 16  8.95062000E-03  1.61840000E+03
   9 12 12  3.71496000E-03  1.24768000E+03
   9 12 13  3.51076000E-03  1.45189000E+03
   9 12 14  5.69588000E-02  1.47623000E+03
   9 12 15  2.31673000E-03  1.74297000E+03
   9 12 16  4.36636000E-03  1.74867000E+03
   9 13 13  7.62453000E-04  1.65610000E+03
   9 13 14  7.91585000E-02  1.68044000E+03
   9 13 15  2.97345000E-03  1.94718000E+03
   9 13 16  4.08611000E-02  1.95288000E+03
   9 14 14  8.83421000E-02  1.70478000E+03
   9 14 15  6.50006000E-02  1.97152000E+03
   9 14 16  1.03512000E-01  1.97722000E+03
   9 15 15  5.18359000E-03  2.23826000E+03
   9 15 16  1.65333000E-01  2.24396000E+03
   9 16 16  1.13095000E-01  2.24966000E+03
   1  2 30  2.07029000E-04  7.44560000E+04
   1  3 30  1.31949000E-04  7.50640000E+04
   1  4 30  1.40582000E-04  7.74070000E+04
   1  5 30  3.78279000E-05  8.68581000E+04
   1  6 30  2.60093000E-05  8.71393000E+04
   1  7 30  2.93320000E-05  8.76651000E+04
   1  8 30  2.65801000E-06  8.81340000E+04
   1  9 30  2.75284000E-06  8.82460000E+04
   1 10 30  9.39766000E-06  8.99086000E+04
   1 11 30  6.35976000E-06  9.00326000E+04
   1 12 30  6.98112000E-06  9.01628000E+04
   1 13 30  7.11954000E-07  9.03671000E+04
   1 14 30  7.52013000E-07  9.03914000E+04
   1 30 30  2.43140000E-06  9.08320000E+04
   2  3 30  1.20866000E-02  6.08000000E+02
   2  4 30  1.53737000E-02  2.95100000E+03
   2  5 30  2.53347000E-03  1.24021000E+04
   2  6 30  4.76075000E-04  1.26833000E+04
   2  7 30  6.28434000E-04  1.32091000E+04
   2  8 30  9.13170000E-04  1.36780000E+04
   2  9 30  1.34761000E-03  1.37900000E+04
   2 10 30  4.30516000E-04  1.54526000E+04
   2 11 30  1.15333000E-04  1.55766000E+04
   2 12 30  1.51584000E-04  1.57068000E+04
   2 13 30  1.67475000E-04  1.59111000E+04
   2 14 30  2.44437000E-04  1.59354000E+04
   2 15 30  3.02383000E-05  1.62021000E+04
   2 16 30  4.36279000E-05  1.62078000E+04
   2 30 30  1.46576000E-04  1.63760000E+04
   3  4 30  1.53877000E-02  2.34300000E+03
   3  5 30  7.74362000E-04  1.17941000E+04
   3  6 30  6.82188000E-03  1.20753000E+04
   3  7 30  2.32931000E-03  1.26011000E+04
   3  8 30  5.08805000E-03  1.30700000E+04
   3  9 30  2.91157000E-03  1.31820000E+04
   3 10 30  1.93363000E-04  1.48446000E+04
   3 11 30  1.13921000E-03  1.49686000E+04
   3 12 30  5.38137000E-04  1.50988000E+04
   3 13 30  9.02102000E-04  1.53030000E+04
   3 14 30  6.05552000E-04  1.53274000E+04
   3 15 30  5.47817000E-05  1.55941000E+04
   3 16 30  6.35272000E-05  1.55998000E+04
   3 30 30  2.68613000E-04  1.57680000E+04
   4  5 30  7.11299000E-04  9.45110000E+03
   4  6 30  1.30202000E-03  9.73230000E+03
   4  7 30  8.53867000E-03  1.02581000E+04
   4  8 30  3.64055000E-03  1.07270000E+04
   4  9 30  8.25676000E-03  1.08390000E+04
   4 10 30  1.79062000E-04  1.25016000E+04
   4 11 30  2.93353000E-04  1.26256000E+04
   4 12 30  1.45208000E-03  1.27558000E+04
   4 13 30  6.92116000E-04  1.29600000E+04
   4 14 30  1.41302000E-03  1.29844000E+04
   4 15 30  1.06083000E-04  1.32511000E+04
   4 16 30  1.26817000E-04  1.32568000E+04
   4 30 30  3.80310000E-04  1.34250000E+04
   5  6 30  5.82537000E-02  2.81200000E+02
   5  7 30  9.52721000E-02  8.07000000E+02
   5  8 30  8.03579000E-03  1.27590000E+03
   5  9 30  1.04878000E-02  1.38790000E+03
   5 10 30  5.57283000E-03  3.05047000E+03
   5 11 30  8.20672000E-04  3.17447000E+03
   5 12 30  1.57342000E-03  3.30474000E+03
   5 13 30  1.38536000E-03  3.50895000E+03
   5 14 30  1.99640000E-03  3.53329000E+03
   5 15 30  1.25762000E-03  3.80003000E+03
   5 16 30  1.73487000E-03  3.80573000E+03
   5 30 30  1.00300000E-03  3.97390000E+03
   6  7 30  3.36789000E-02  5.25800000E+02
   6  8 30  8.22614000E-02  9.94700000E+02
   6  9 30  9.84497000E-03  1.10670000E+03
   6 10 30  2.05993000E-03  2.76927000E+03
   6 11 30  1.69484000E-02  2.89327000E+03
   6 12 30  3.71721000E-03  3.02354000E+03
   6 13 30  3.63948000E-03  3.22775000E+03
   6 14 30  5.42961000E-03  3.25209000E+03
   6 15 30  3.78870000E-03  3.51883000E+03
   6 16 30  3.51428000E-03  3.52453000E+03
   6 30 30  2.47786000E-03  3.69270000E+03
   7  8 30  3.86181000E-02  4.68900000E+02
   7  9 30  6.88020000E-02  5.80900000E+02
   7 10 30  2.01056000E-03  2.24347000E+03
   7 11 30  2.53780000E-03  2.36747000E+03
   7 12 30  2.12555000E-02  2.49774000E+03
   7 13 30  4.52430000E-03  2.70195000E+03
   7 14 30  6.39727000E-03  2.72629000E+03
   7 15 30  4.56055000E-03  2.99303000E+03
   7 16 30  7.32796000E-03  2.99873000E+03
   7 30 30  3.25386000E-03  3.16690000E+03
   8  9 30  6.06277000E-02  1.12000000E+02
   8 10 30  3.61584000E-03  1.77457000E+03
   8 11 30  3.85658000E-03  1.89857000E+03
   8 12 30  6.66846000E-03  2.02884000E+03
   8 13 30  4.90712000E-02  2.23305000E+03
   8 14 30  1.09110000E-02  2.25739000E+03
   8 15 30  1.90700000E-02  2.52413000E+03
   8 16 30  7.14195000E-03  2.52983000E+03
   8 30 30  4.98434000E-03  2.69800000E+03
   9 10 30  3.74334000E-03  1.66257000E+03
   9 11 30  4.03551000E-03  1.78657000E+03
   9 12 30  7.31076000E-03  1.91684000E+03
   9 13 30  7.90336000E-03  2.12105000E+03
   9 14 30  5.34426000E-02  2.14539000E+03
   9 15 30  7.20161000E-03  2.41213000E+03
   9 16 30  2.07339000E-02  2.41783000E+03
   9 30 30  4.94963000E-03  2.58600000E+03
